     1      1    9.2847840E+02
     1      2    8.9238688E+02
     1      3    9.2850131E+02
     1      4    9.3413604E+02
     1      5    9.3323138E+02
     1      6    9.3412976E+02
     1      7    1.9702926E+03
     1      8    1.3848331E+02
     1      9    1.4034766E+02
     1     10    1.4029983E+02
     1     11    1.4033958E+02
     1     12    1.3842839E+02
     1     13    7.3605251E+02
     1     14    8.3014214E+02
     1     15    8.3015886E+02
     1     16    8.3013715E+02
     1     17    1.4705102E+02
     1     18    1.4236703E+02
     1     19    1.4245689E+02
     1     20    1.4704759E+02
     1     21    1.4223881E+02
     1     22    1.4243053E+02
     1     23    1.4704809E+02
     1     24    1.4249787E+02
     1     25    1.4221741E+02
     2      1    8.9238688E+02
     2      2    8.5769836E+02
     2      3    8.9240890E+02
     2      4    8.9782462E+02
     2      5    8.9695513E+02
     2      6    8.9781859E+02
     2      7    1.8937251E+03
     2      8    1.3310122E+02
     2      9    1.3489311E+02
     2     10    1.3484714E+02
     2     11    1.3488534E+02
     2     12    1.3304843E+02
     2     13    7.0745092E+02
     2     14    7.9788888E+02
     2     15    7.9790495E+02
     2     16    7.9788409E+02
     2     17    1.4133595E+02
     2     18    1.3683400E+02
     2     19    1.3692037E+02
     2     20    1.4133265E+02
     2     21    1.3671076E+02
     2     22    1.3689503E+02
     2     23    1.4133313E+02
     2     24    1.3695975E+02
     2     25    1.3669020E+02
     3      1    9.2850131E+02
     3      2    8.9240890E+02
     3      3    9.2852422E+02
     3      4    9.3415909E+02
     3      5    9.3325441E+02
     3      6    9.3415281E+02
     3      7    1.9703412E+03
     3      8    1.3848673E+02
     3      9    1.4035113E+02
     3     10    1.4030330E+02
     3     11    1.4034304E+02
     3     12    1.3843180E+02
     3     13    7.3607067E+02
     3     14    8.3016261E+02
     3     15    8.3017934E+02
     3     16    8.3015763E+02
     3     17    1.4705465E+02
     3     18    1.4237054E+02
     3     19    1.4246040E+02
     3     20    1.4705121E+02
     3     21    1.4224232E+02
     3     22    1.4243404E+02
     3     23    1.4705171E+02
     3     24    1.4250138E+02
     3     25    1.4222092E+02
     4      1    9.3413604E+02
     4      2    8.9782462E+02
     4      3    9.3415909E+02
     4      4    9.3982816E+02
     4      5    9.3891799E+02
     4      6    9.3982184E+02
     4      7    1.9823074E+03
     4      8    1.3932761E+02
     4      9    1.4120333E+02
     4     10    1.4115521E+02
     4     11    1.4119519E+02
     4     12    1.3927235E+02
     4     13    7.4054153E+02
     4     14    8.3520696E+02
     4     15    8.3522378E+02
     4     16    8.3520194E+02
     4     17    1.4794756E+02
     4     18    1.4323501E+02
     4     19    1.4332542E+02
     4     20    1.4794410E+02
     4     21    1.4310600E+02
     4     22    1.4329889E+02
     4     23    1.4794460E+02
     4     24    1.4336664E+02
     4     25    1.4308448E+02
     5      1    9.3323138E+02
     5      2    8.9695513E+02
     5      3    9.3325441E+02
     5      4    9.3891799E+02
     5      5    9.3800871E+02
     5      6    9.3891168E+02
     5      7    1.9803892E+03
     5      8    1.3919275E+02
     5      9    1.4106665E+02
     5     10    1.4101858E+02
     5     11    1.4105853E+02
     5     12    1.3913755E+02
     5     13    7.3982510E+02
     5     14    8.3439927E+02
     5     15    8.3441608E+02
     5     16    8.3439426E+02
     5     17    1.4780435E+02
     5     18    1.4309637E+02
     5     19    1.4318669E+02
     5     20    1.4780090E+02
     5     21    1.4296749E+02
     5     22    1.4316019E+02
     5     23    1.4780140E+02
     5     24    1.4322788E+02
     5     25    1.4294598E+02
     6      1    9.3412976E+02
     6      2    8.9781859E+02
     6      3    9.3415281E+02
     6      4    9.3982184E+02
     6      5    9.3891168E+02
     6      6    9.3981552E+02
     6      7    1.9822941E+03
     6      8    1.3932667E+02
     6      9    1.4120238E+02
     6     10    1.4115426E+02
     6     11    1.4119424E+02
     6     12    1.3927142E+02
     6     13    7.4053656E+02
     6     14    8.3520134E+02
     6     15    8.3521817E+02
     6     16    8.3519633E+02
     6     17    1.4794656E+02
     6     18    1.4323404E+02
     6     19    1.4332445E+02
     6     20    1.4794311E+02
     6     21    1.4310504E+02
     6     22    1.4329793E+02
     6     23    1.4794361E+02
     6     24    1.4336568E+02
     6     25    1.4308352E+02
     7      1    1.9702926E+03
     7      2    1.8937251E+03
     7      3    1.9703412E+03
     7      4    1.9823074E+03
     7      5    1.9803892E+03
     7      6    1.9822941E+03
     7      7    4.1889019E+03
     7      8    2.9425420E+02
     7      9    2.9821563E+02
     7     10    2.9811401E+02
     7     11    2.9819845E+02
     7     12    2.9413750E+02
     7     13    1.5653890E+03
     7     14    1.7672105E+03
     7     15    1.7672462E+03
     7     16    1.7671998E+03
     7     17    3.1245874E+02
     7     18    3.0250632E+02
     7     19    3.0269726E+02
     7     20    3.1245144E+02
     7     21    3.0223387E+02
     7     22    3.0264124E+02
     7     23    3.1245250E+02
     7     24    3.0278433E+02
     7     25    3.0218841E+02
     8      1    1.3848331E+02
     8      2    1.3310122E+02
     8      3    1.3848673E+02
     8      4    1.3932761E+02
     8      5    1.3919275E+02
     8      6    1.3932667E+02
     8      7    2.9425420E+02
     8      8    2.0702472E+01
     8      9    2.0981182E+01
     8     10    2.0974032E+01
     8     11    2.0979973E+01
     8     12    2.0694261E+01
     8     13    1.0970412E+02
     8     14    1.2386484E+02
     8     15    1.2386733E+02
     8     16    1.2386409E+02
     8     17    2.1983295E+01
     8     18    2.1283065E+01
     8     19    2.1296499E+01
     8     20    2.1982782E+01
     8     21    2.1263897E+01
     8     22    2.1292558E+01
     8     23    2.1982856E+01
     8     24    2.1302625E+01
     8     25    2.1260699E+01
     9      1    1.4034766E+02
     9      2    1.3489311E+02
     9      3    1.4035113E+02
     9      4    1.4120333E+02
     9      5    1.4106665E+02
     9      6    1.4120238E+02
     9      7    2.9821563E+02
     9      8    2.0981182E+01
     9      9    2.1263644E+01
     9     10    2.1256398E+01
     9     11    2.1262419E+01
     9     12    2.0972861E+01
     9     13    1.1118102E+02
     9     14    1.2553237E+02
     9     15    1.2553490E+02
     9     16    1.2553162E+02
     9     17    2.2279249E+01
     9     18    2.1569592E+01
     9     19    2.1583207E+01
     9     20    2.2278728E+01
     9     21    2.1550166E+01
     9     22    2.1579212E+01
     9     23    2.2278804E+01
     9     24    2.1589415E+01
     9     25    2.1546924E+01
    10      1    1.4029983E+02
    10      2    1.3484714E+02
    10      3    1.4030330E+02
    10      4    1.4115521E+02
    10      5    1.4101858E+02
    10      6    1.4115426E+02
    10      7    2.9811401E+02
    10      8    2.0974032E+01
    10      9    2.1256398E+01
    10     10    2.1249154E+01
    10     11    2.1255173E+01
    10     12    2.0965714E+01
    10     13    1.1114314E+02
    10     14    1.2548960E+02
    10     15    1.2549213E+02
    10     16    1.2548885E+02
    10     17    2.2271656E+01
    10     18    2.1562241E+01
    10     19    2.1575851E+01
    10     20    2.2271136E+01
    10     21    2.1542822E+01
    10     22    2.1571859E+01
    10     23    2.2271212E+01
    10     24    2.1582058E+01
    10     25    2.1539582E+01
    11      1    1.4033958E+02
    11      2    1.3488534E+02
    11      3    1.4034304E+02
    11      4    1.4119519E+02
    11      5    1.4105853E+02
    11      6    1.4119424E+02
    11      7    2.9819845E+02
    11      8    2.0979973E+01
    11      9    2.1262419E+01
    11     10    2.1255173E+01
    11     11    2.1261195E+01
    11     12    2.0971653E+01
    11     13    1.1117462E+02
    11     14    1.2552514E+02
    11     15    1.2552767E+02
    11     16    1.2552438E+02
    11     17    2.2277965E+01
    11     18    2.1568349E+01
    11     19    2.1581963E+01
    11     20    2.2277445E+01
    11     21    2.1548924E+01
    11     22    2.1577969E+01
    11     23    2.2277521E+01
    11     24    2.1588171E+01
    11     25    2.1545683E+01
    12      1    1.3842839E+02
    12      2    1.3304843E+02
    12      3    1.3843180E+02
    12      4    1.3927235E+02
    12      5    1.3913755E+02
    12      6    1.3927142E+02
    12      7    2.9413750E+02
    12      8    2.0694261E+01
    12      9    2.0972861E+01
    12     10    2.0965714E+01
    12     11    2.0971653E+01
    12     12    2.0686054E+01
    12     13    1.0966062E+02
    12     14    1.2381571E+02
    12     15    1.2381821E+02
    12     16    1.2381497E+02
    12     17    2.1974577E+01
    12     18    2.1274625E+01
    12     19    2.1288053E+01
    12     20    2.1974063E+01
    12     21    2.1255464E+01
    12     22    2.1284114E+01
    12     23    2.1974138E+01
    12     24    2.1294177E+01
    12     25    2.1252267E+01
    13      1    7.3605251E+02
    13      2    7.0745092E+02
    13      3    7.3607067E+02
    13      4    7.4054153E+02
    13      5    7.3982510E+02
    13      6    7.4053656E+02
    13      7    1.5653890E+03
    13      8    1.0970412E+02
    13      9    1.1118102E+02
    13     10    1.1114314E+02
    13     11    1.1117462E+02
    13     12    1.0966062E+02
    13     13    5.8730257E+02
    13     14    6.6270337E+02
    13     15    6.6271682E+02
    13     16    6.6269935E+02
    13     17    1.1649094E+02
    13     18    1.1278062E+02
    13     19    1.1285180E+02
    13     20    1.1648822E+02
    13     21    1.1267904E+02
    13     22    1.1283092E+02
    13     23    1.1648861E+02
    13     24    1.1288427E+02
    13     25    1.1266210E+02
    14      1    8.3014214E+02
    14      2    7.9788888E+02
    14      3    8.3016261E+02
    14      4    8.3520696E+02
    14      5    8.3439927E+02
    14      6    8.3520134E+02
    14      7    1.7672105E+03
    14      8    1.2386484E+02
    14      9    1.2553237E+02
    14     10    1.2548960E+02
    14     11    1.2552514E+02
    14     12    1.2381571E+02
    14     13    6.6270337E+02
    14     14    7.4827226E+02
    14     15    7.4828746E+02
    14     16    7.4826772E+02
    14     17    1.3152764E+02
    14     18    1.2733843E+02
    14     19    1.2741880E+02
    14     20    1.3152456E+02
    14     21    1.2722374E+02
    14     22    1.2739522E+02
    14     23    1.3152501E+02
    14     24    1.2745545E+02
    14     25    1.2720461E+02
    15      1    8.3015886E+02
    15      2    7.9790495E+02
    15      3    8.3017934E+02
    15      4    8.3522378E+02
    15      5    8.3441608E+02
    15      6    8.3521817E+02
    15      7    1.7672462E+03
    15      8    1.2386733E+02
    15      9    1.2553490E+02
    15     10    1.2549213E+02
    15     11    1.2552767E+02
    15     12    1.2381821E+02
    15     13    6.6271682E+02
    15     14    7.4828746E+02
    15     15    7.4830266E+02
    15     16    7.4828292E+02
    15     17    1.3153029E+02
    15     18    1.2734099E+02
    15     19    1.2742137E+02
    15     20    1.3152721E+02
    15     21    1.2722630E+02
    15     22    1.2739779E+02
    15     23    1.3152766E+02
    15     24    1.2745802E+02
    15     25    1.2720717E+02
    16      1    8.3013715E+02
    16      2    7.9788409E+02
    16      3    8.3015763E+02
    16      4    8.3520194E+02
    16      5    8.3439426E+02
    16      6    8.3519633E+02
    16      7    1.7671998E+03
    16      8    1.2386409E+02
    16      9    1.2553162E+02
    16     10    1.2548885E+02
    16     11    1.2552438E+02
    16     12    1.2381497E+02
    16     13    6.6269935E+02
    16     14    7.4826772E+02
    16     15    7.4828292E+02
    16     16    7.4826317E+02
    16     17    1.3152685E+02
    16     18    1.2733766E+02
    16     19    1.2741804E+02
    16     20    1.3152377E+02
    16     21    1.2722298E+02
    16     22    1.2739446E+02
    16     23    1.3152422E+02
    16     24    1.2745469E+02
    16     25    1.2720384E+02
    17      1    1.4705102E+02
    17      2    1.4133595E+02
    17      3    1.4705465E+02
    17      4    1.4794756E+02
    17      5    1.4780435E+02
    17      6    1.4794656E+02
    17      7    3.1245874E+02
    17      8    2.1983295E+01
    17      9    2.2279249E+01
    17     10    2.2271656E+01
    17     11    2.2277965E+01
    17     12    2.1974577E+01
    17     13    1.1649094E+02
    17     14    1.3152764E+02
    17     15    1.3153029E+02
    17     16    1.3152685E+02
    17     17    2.3343361E+01
    17     18    2.2599809E+01
    17     19    2.2614074E+01
    17     20    2.3342815E+01
    17     21    2.2579455E+01
    17     22    2.2609889E+01
    17     23    2.3342895E+01
    17     24    2.2620579E+01
    17     25    2.2576059E+01
    18      1    1.4236703E+02
    18      2    1.3683400E+02
    18      3    1.4237054E+02
    18      4    1.4323501E+02
    18      5    1.4309637E+02
    18      6    1.4323404E+02
    18      7    3.0250632E+02
    18      8    2.1283065E+01
    18      9    2.1569592E+01
    18     10    2.1562241E+01
    18     11    2.1568349E+01
    18     12    2.1274625E+01
    18     13    1.1278062E+02
    18     14    1.2733843E+02
    18     15    1.2734099E+02
    18     16    1.2733766E+02
    18     17    2.2599809E+01
    18     18    2.1879942E+01
    18     19    2.1893752E+01
    18     20    2.2599281E+01
    18     21    2.1860236E+01
    18     22    2.1889701E+01
    18     23    2.2599358E+01
    18     24    2.1900050E+01
    18     25    2.1856948E+01
    19      1    1.4245689E+02
    19      2    1.3692037E+02
    19      3    1.4246040E+02
    19      4    1.4332542E+02
    19      5    1.4318669E+02
    19      6    1.4332445E+02
    19      7    3.0269726E+02
    19      8    2.1296499E+01
    19      9    2.1583207E+01
    19     10    2.1575851E+01
    19     11    2.1581963E+01
    19     12    2.1288053E+01
    19     13    1.1285180E+02
    19     14    1.2741880E+02
    19     15    1.2742137E+02
    19     16    1.2741804E+02
    19     17    2.2614074E+01
    19     18    2.1893752E+01
    19     19    2.1907571E+01
    19     20    2.2613546E+01
    19     21    2.1874034E+01
    19     22    2.1903517E+01
    19     23    2.2613623E+01
    19     24    2.1913873E+01
    19     25    2.1870744E+01
    20      1    1.4704759E+02
    20      2    1.4133265E+02
    20      3    1.4705121E+02
    20      4    1.4794410E+02
    20      5    1.4780090E+02
    20      6    1.4794311E+02
    20      7    3.1245144E+02
    20      8    2.1982782E+01
    20      9    2.2278728E+01
    20     10    2.2271136E+01
    20     11    2.2277445E+01
    20     12    2.1974063E+01
    20     13    1.1648822E+02
    20     14    1.3152456E+02
    20     15    1.3152721E+02
    20     16    1.3152377E+02
    20     17    2.3342815E+01
    20     18    2.2599281E+01
    20     19    2.2613546E+01
    20     20    2.3342270E+01
    20     21    2.2578927E+01
    20     22    2.2609361E+01
    20     23    2.3342350E+01
    20     24    2.2620051E+01
    20     25    2.2575532E+01
    21      1    1.4223881E+02
    21      2    1.3671076E+02
    21      3    1.4224232E+02
    21      4    1.4310600E+02
    21      5    1.4296749E+02
    21      6    1.4310504E+02
    21      7    3.0223387E+02
    21      8    2.1263897E+01
    21      9    2.1550166E+01
    21     10    2.1542822E+01
    21     11    2.1548924E+01
    21     12    2.1255464E+01
    21     13    1.1267904E+02
    21     14    1.2722374E+02
    21     15    1.2722630E+02
    21     16    1.2722298E+02
    21     17    2.2579455E+01
    21     18    2.1860236E+01
    21     19    2.1874034E+01
    21     20    2.2578927E+01
    21     21    2.1840548E+01
    21     22    2.1869986E+01
    21     23    2.2579004E+01
    21     24    2.1880326E+01
    21     25    2.1837263E+01
    22      1    1.4243053E+02
    22      2    1.3689503E+02
    22      3    1.4243404E+02
    22      4    1.4329889E+02
    22      5    1.4316019E+02
    22      6    1.4329793E+02
    22      7    3.0264124E+02
    22      8    2.1292558E+01
    22      9    2.1579212E+01
    22     10    2.1571859E+01
    22     11    2.1577969E+01
    22     12    2.1284114E+01
    22     13    1.1283092E+02
    22     14    1.2739522E+02
    22     15    1.2739779E+02
    22     16    1.2739446E+02
    22     17    2.2609889E+01
    22     18    2.1889701E+01
    22     19    2.1903517E+01
    22     20    2.2609361E+01
    22     21    2.1869986E+01
    22     22    2.1899464E+01
    22     23    2.2609438E+01
    22     24    2.1909818E+01
    22     25    2.1866697E+01
    23      1    1.4704809E+02
    23      2    1.4133313E+02
    23      3    1.4705171E+02
    23      4    1.4794460E+02
    23      5    1.4780140E+02
    23      6    1.4794361E+02
    23      7    3.1245250E+02
    23      8    2.1982856E+01
    23      9    2.2278804E+01
    23     10    2.2271212E+01
    23     11    2.2277521E+01
    23     12    2.1974138E+01
    23     13    1.1648861E+02
    23     14    1.3152501E+02
    23     15    1.3152766E+02
    23     16    1.3152422E+02
    23     17    2.3342895E+01
    23     18    2.2599358E+01
    23     19    2.2613623E+01
    23     20    2.3342350E+01
    23     21    2.2579004E+01
    23     22    2.2609438E+01
    23     23    2.3342429E+01
    23     24    2.2620128E+01
    23     25    2.2575608E+01
    24      1    1.4249787E+02
    24      2    1.3695975E+02
    24      3    1.4250138E+02
    24      4    1.4336664E+02
    24      5    1.4322788E+02
    24      6    1.4336568E+02
    24      7    3.0278433E+02
    24      8    2.1302625E+01
    24      9    2.1589415E+01
    24     10    2.1582058E+01
    24     11    2.1588171E+01
    24     12    2.1294177E+01
    24     13    1.1288427E+02
    24     14    1.2745545E+02
    24     15    1.2745802E+02
    24     16    1.2745469E+02
    24     17    2.2620579E+01
    24     18    2.1900050E+01
    24     19    2.1913873E+01
    24     20    2.2620051E+01
    24     21    2.1880326E+01
    24     22    2.1909818E+01
    24     23    2.2620128E+01
    24     24    2.1920177E+01
    24     25    2.1877035E+01
    25      1    1.4221741E+02
    25      2    1.3669020E+02
    25      3    1.4222092E+02
    25      4    1.4308448E+02
    25      5    1.4294598E+02
    25      6    1.4308352E+02
    25      7    3.0218841E+02
    25      8    2.1260699E+01
    25      9    2.1546924E+01
    25     10    2.1539582E+01
    25     11    2.1545683E+01
    25     12    2.1252267E+01
    25     13    1.1266210E+02
    25     14    1.2720461E+02
    25     15    1.2720717E+02
    25     16    1.2720384E+02
    25     17    2.2576059E+01
    25     18    2.1856948E+01
    25     19    2.1870744E+01
    25     20    2.2575532E+01
    25     21    2.1837263E+01
    25     22    2.1866697E+01
    25     23    2.2575608E+01
    25     24    2.1877035E+01
    25     25    2.1833978E+01
