 {
  "c6": [    
 [
   30.218717954058338      ,
   27.452709996516436      ,
   30.590562477169875      ,
   26.581307946611584      ,
   27.375115150878642      ,
   26.581621487887919      ,
   30.327451914646794      ,
   27.615768666134798      ,
   30.312946382365624      ,
   6.5267225679693732      ,
   32.278623022570031      ,
   4.6466587469894209      ,
   4.6343533466913041      ,
   6.8584067770699155      ,
   5.1074026348764363      ,
   29.960725805128721      ,
   25.117902469306678      ,
   29.689128508172818      ,
   26.588017240856040      ,
   30.527852195173260      ,
   29.428163559602226      ,
   4.9720837721512741      ,
   24.816751922950612      ,
   32.435732759658897      ,
   4.7465158368059628      ,
   4.9281079274340565      ,
   6.9074128013810245      ,
   6.8189834557082873     
 ],
 [
   27.452709996516436      ,
   25.108569035867713      ,
   27.790294181148845      ,
   24.310198813746055      ,
   25.026172015824383      ,
   24.311459739471172      ,
   27.551839547101675      ,
   25.255623721547529      ,
   27.542301012864797      ,
   5.9736175313150905      ,
   29.328264581540797      ,
   4.2533618904713109      ,
   4.2421081646199568      ,
   6.2771880028415801      ,
   4.6751091360228800      ,
   27.222253502873532      ,
   22.971667869092151      ,
   26.971613876446156      ,
   24.317269503422864      ,
   27.921099977932112      ,
   26.914811751134685      ,
   4.5512443907848983      ,
   22.374605108163699      ,
   29.471016652814800      ,
   4.3447937851543168      ,
   4.5109886940769544      ,
   6.3220420769910817      ,
   6.2411089554220158     
 ],
 [
   30.590562477169875      ,
   27.790294181148845      ,
   30.966982906882546      ,
   26.908178219168629      ,
   27.711760824985738      ,
   26.908494611534845      ,
   30.700633918031908      ,
   27.955360596198403      ,
   30.685942998894120      ,
   6.6069829404540377      ,
   32.675807117204279      ,
   4.7037989470107284      ,
   4.6913422126516071      ,
   6.9427459417961934      ,
   5.1702086245394305      ,
   30.329388438466264      ,
   25.426778052674660      ,
   30.054456350648696      ,
   26.914969077086280      ,
   30.903251253358690      ,
   29.790040634293554      ,
   5.0332257379905343      ,
   25.122342499879156      ,
   32.834850062949904      ,
   4.8048839477607252      ,
   4.9887091228146003      ,
   6.9923546012447071      ,
   6.9028378195983322     
 ],
 [
   26.581307946611584      ,
   24.310198813746055      ,
   26.908178219168629      ,
   23.537227175828029      ,
   24.230513769174269      ,
   23.538437286411590      ,
   26.677288424550415      ,
   24.452596389573529      ,
   26.668049076059948      ,
   5.7835963083127320      ,
   28.397322243213956      ,
   4.1180582518530802      ,
   4.1071624367382631      ,
   6.0775102225817994      ,
   4.5263892926783562      ,
   26.358160532062815      ,
   22.241252629886620      ,
   26.115482611441749      ,
   23.544062555343753      ,
   27.033300648402008      ,
   26.059011988466846      ,
   4.4064648022089967      ,
   21.665837640251038      ,
   28.535543060008195      ,
   4.2065813926502100      ,
   4.3674896950110957      ,
   6.1209374768277414      ,
   6.0425788254150188     
 ],
 [
   27.375115150878642      ,
   25.026172015824383      ,
   27.711760824985738      ,
   24.230513769174269      ,
   24.944854205477849      ,
   24.231709520785003      ,
   27.473940358666560      ,
   25.172885915948108      ,
   27.464229605466510      ,
   5.9540283575939892      ,
   29.245133002863824      ,
   4.2393796457086825      ,
   4.2281621951842014      ,
   6.2566037098126879      ,
   4.6597403879633212      ,
   27.145090298157921      ,
   22.896395672105857      ,
   26.895377559436078      ,
   24.237503275102107      ,
   27.829475620391577      ,
   26.826528176498737      ,
   4.5362827840226547      ,
   22.322458966356063      ,
   29.387480312694379      ,
   4.3305090711622514      ,
   4.4961595635816893      ,
   6.3013106202918134      ,
   6.2206427374159672     
 ],
 [
   26.581621487887919      ,
   24.311459739471172      ,
   26.908494611534845      ,
   23.538437286411590      ,
   24.231709520785003      ,
   23.539657645467020      ,
   26.677604568210029      ,
   24.453850137618826      ,
   26.668351992209526      ,
   5.7840154557430399      ,
   28.397645123163223      ,
   4.1183592483525047      ,
   4.1074626904480418      ,
   6.0779506426269130      ,
   4.5267201405784769      ,
   26.358460066188066      ,
   22.242404043703566      ,
   26.115790738988583      ,
   23.545283139832655      ,
   27.034702796307780      ,
   26.060362886189868      ,
   4.4067868878976695      ,
   21.664984827767022      ,
   28.535867493860149      ,
   4.2068890011443925      ,
   4.3678089213481774      ,
   6.1213810496756613      ,
   6.0430167316769934     
 ],
 [
   30.327451914646794      ,
   27.551839547101675      ,
   30.700633918031908      ,
   26.677288424550415      ,
   27.473940358666560      ,
   26.677604568210029      ,
   30.436577917683223      ,
   27.715483018350202      ,
   30.422032268932142      ,
   6.5502870333145760      ,
   32.394782526806829      ,
   4.6634363407338020      ,
   4.6510865310418259      ,
   6.8831687635643162      ,
   5.1258438292527053      ,
   30.068544094522363      ,
   25.208597467800946      ,
   29.795956924586225      ,
   26.684023314116082      ,
   30.638085759458672      ,
   29.534424947209004      ,
   4.9900363748521031      ,
   24.905709793466102      ,
   32.552457656808848      ,
   4.7636540391719331      ,
   4.9459017432316212      ,
   6.9323517243479005      ,
   6.8436031130177675     
 ],
 [
   27.615768666134798      ,
   25.255623721547529      ,
   27.955360596198403      ,
   24.452596389573529      ,
   25.172885915948108      ,
   24.453850137618826      ,
   27.715483018350202      ,
   25.403567201886677      ,
   27.705872414424576      ,
   6.0085228159199202      ,
   29.502442732896682      ,
   4.2782093218442965      ,
   4.2668897279488549      ,
   6.3138671880264852      ,
   4.7024203310940047      ,
   27.383924196244081      ,
   23.106222596200531      ,
   27.131814803639944      ,
   24.459694349919328      ,
   28.084627265269372      ,
   27.072450692555737      ,
   4.5778319809400738      ,
   22.509634388282269      ,
   29.646042593519660      ,
   4.3701750143307860      ,
   4.5373411419808614      ,
   6.3589833423074849      ,
   6.2775772804289591     
 ],
 [
   30.312946382365624      ,
   27.542301012864797      ,
   30.685942998894120      ,
   26.668049076059948      ,
   27.464229605466510      ,
   26.668351992209526      ,
   30.422032268932142      ,
   27.705872414424576      ,
   30.408049353958358      ,
   6.5478489664191990      ,
   32.379883360041610      ,
   4.6617088841241232      ,
   4.6493638235876720      ,
   6.8806067049280051      ,
   5.1239451036780590      ,
   30.054719570819593      ,
   25.199811135107549      ,
   29.781706197575968      ,
   26.674766937114462      ,
   30.627477387678500      ,
   29.524178146885451      ,
   4.9881879665598508      ,
   24.890182929945279      ,
   32.537486494754596      ,
   4.7618899204566718      ,
   4.9440696490773011      ,
   6.9297713775090530      ,
   6.8410558388052216     
 ],
 [
   6.5267225679693732      ,
   5.9736175313150905      ,
   6.6069829404540377      ,
   5.7835963083127320      ,
   5.9540283575939892      ,
   5.7840154557430399      ,
   6.5502870333145760      ,
   6.0085228159199202      ,
   6.5478489664191990      ,
   1.4244536318806147      ,
   6.9724431741045354      ,
   1.0142441552505155      ,
   1.0115605893289619      ,
   1.4968422923274878      ,
   1.1148127580717455      ,
   6.4717628156631672      ,
   5.4653621640288170      ,
   6.4123446095727585      ,
   5.7854012659557696      ,
   6.6427544347588450      ,
   6.4033948342750877      ,
   1.0852763333734301      ,
   5.3107024028194196      ,
   7.0063806037117216      ,
   1.0360466416519916      ,
   1.0756770854711752      ,
   1.5075380769960052      ,
   1.4882389627245334     
 ],
 [
   32.278623022570031      ,
   29.328264581540797      ,
   32.675807117204279      ,
   28.397322243213956      ,
   29.245133002863824      ,
   28.397645123163223      ,
   32.394782526806829      ,
   29.502442732896682      ,
   32.379883360041610      ,
   6.9724431741045354      ,
   34.479582665977922      ,
   4.9639965470362268      ,
   4.9508509712827289      ,
   7.3267785354199066      ,
   5.4562063897808741      ,
   32.003641698291240      ,
   26.833878264211421      ,
   31.712933970016760      ,
   28.404476064568616      ,
   32.613497341467038      ,
   31.438655645175462      ,
   5.3116461057265481      ,
   26.504262015936458      ,
   34.647405692341444      ,
   5.0706737990801365      ,
   5.2646669443865450      ,
   7.3791312830375002      ,
   7.2846629991093383     
 ],
 [
   4.6466587469894209      ,
   4.2533618904713109      ,
   4.7037989470107284      ,
   4.1180582518530802      ,
   4.2393796457086825      ,
   4.1183592483525047      ,
   4.6634363407338020      ,
   4.2782093218442965      ,
   4.6617088841241232      ,
   1.0142441552505155      ,
   4.9639965470362268      ,
  0.72216690868219391      ,
  0.72025617391142549      ,
   1.0657865512648703      ,
  0.79377424301077004      ,
   4.6075396818954966      ,
   3.8914668324632551      ,
   4.5652281391708094      ,
   4.1193458486704158      ,
   4.7298036428994754      ,
   4.5593721036239900      ,
  0.77274358041521696      ,
   3.7804534893761184      ,
   4.9881581380352440      ,
  0.73769089851816327      ,
  0.76590867260972817      ,
   1.0734022021666294      ,
   1.0596607903557240     
 ],
 [
   4.6343533466913041      ,
   4.2421081646199568      ,
   4.6913422126516071      ,
   4.1071624367382631      ,
   4.2281621951842014      ,
   4.1074626904480418      ,
   4.6510865310418259      ,
   4.2668897279488549      ,
   4.6493638235876720      ,
   1.0115605893289619      ,
   4.9508509712827289      ,
  0.72025617391142549      ,
  0.71835049527058026      ,
   1.0629666101381501      ,
  0.79167404708845313      ,
   4.5953380704810947      ,
   3.8811705232600358      ,
   4.5531383866289934      ,
   4.1084466776379109      ,
   4.7172893250817447      ,
   4.5473086862859704      ,
  0.77069902820376535      ,
   3.7704321826651990      ,
   4.9749485780563409      ,
  0.73573909151762173      ,
  0.76388220431282894      ,
   1.0705621110258741      ,
   1.0568570574548353     
 ],
 [
   6.8584067770699155      ,
   6.2771880028415801      ,
   6.9427459417961934      ,
   6.0775102225817994      ,
   6.2566037098126879      ,
   6.0779506426269130      ,
   6.8831687635643162      ,
   6.3138671880264852      ,
   6.8806067049280051      ,
   1.4968422923274878      ,
   7.3267785354199066      ,
   1.0657865512648703      ,
   1.0629666101381501      ,
   1.5729096393178095      ,
   1.1714659025092868      ,
   6.8006539022922068      ,
   5.7431038963959065      ,
   6.7382161973850323      ,
   6.0794068791025211      ,
   6.9803294622798111      ,
   6.7288059763059129      ,
   1.1404284801355307      ,
   5.5805942779386140      ,
   7.3624406446953028      ,
   1.0886970070748254      ,
   1.1303414126410916      ,
   1.5841489681622694      ,
   1.5638691009154089     
 ],
 [
   5.1074026348764363      ,
   4.6751091360228800      ,
   5.1702086245394305      ,
   4.5263892926783562      ,
   4.6597403879633212      ,
   4.5267201405784769      ,
   5.1258438292527053      ,
   4.7024203310940047      ,
   5.1239451036780590      ,
   1.1148127580717455      ,
   5.4562063897808741      ,
  0.79377424301077004      ,
  0.79167404708845313      ,
   1.1714659025092868      ,
  0.87248188929393633      ,
   5.0644047021086003      ,
   4.2773299248208296      ,
   5.0178976974556289      ,
   4.5278045681521402      ,
   5.1987930467645755      ,
   5.0114621582693601      ,
  0.84936590588612815      ,
   4.1553069184875415      ,
   5.4827637465408605      ,
  0.81083753303833095      ,
  0.84185327450703107      ,
   1.1798366924709938      ,
   1.1647327344096017     
 ],
 [
   29.960725805128721      ,
   27.222253502873532      ,
   30.329388438466264      ,
   26.358160532062815      ,
   27.145090298157921      ,
   26.358460066188066      ,
   30.068544094522363      ,
   27.383924196244081      ,
   30.054719570819593      ,
   6.4717628156631672      ,
   32.003641698291240      ,
   4.6075396818954966      ,
   4.5953380704810947      ,
   6.8006539022922068      ,
   5.0644047021086003      ,
   29.705495373514097      ,
   24.906984241245276      ,
   29.435658349662702      ,
   26.364800478059628      ,
   30.271579468108293      ,
   29.181100934683954      ,
   4.9302250670930823      ,
   24.600992434900025      ,
   32.159413541940914      ,
   4.7065566091828295      ,
   4.8866194060028487      ,
   6.8492472801937394      ,
   6.7615626178276225     
 ],
 [
   25.117902469306678      ,
   22.971667869092151      ,
   25.426778052674660      ,
   22.241252629886620      ,
   22.896395672105857      ,
   22.242404043703566      ,
   25.208597467800946      ,
   23.106222596200531      ,
   25.199811135107549      ,
   5.4653621640288170      ,
   26.833878264211421      ,
   3.8914668324632551      ,
   3.8811705232600358      ,
   5.7431038963959065      ,
   4.2773299248208296      ,
   24.906984241245276      ,
   21.016653429516630      ,
   24.677722581174873      ,
   22.247719968401395      ,
   25.544834790559072      ,
   24.624195995457271      ,
   4.1640041400615457      ,
   20.472914742071524      ,
   26.964489138877703      ,
   3.9751190263827278      ,
   4.1271735980126216      ,
   5.7841416254041222      ,
   5.7100945416965985     
 ],
 [
   29.689128508172818      ,
   26.971613876446156      ,
   30.054456350648696      ,
   26.115482611441749      ,
   26.895377559436078      ,
   26.115790738988583      ,
   29.795956924586225      ,
   27.131814803639944      ,
   29.781706197575968      ,
   6.4123446095727585      ,
   31.712933970016760      ,
   4.5652281391708094      ,
   4.5531383866289934      ,
   6.7382161973850323      ,
   5.0178976974556289      ,
   29.435658349662702      ,
   24.677722581174873      ,
   29.168820231913006      ,
   26.122074403998294      ,
   29.992865617825117      ,
   28.912448452448238      ,
   4.8849502371008393      ,
   24.381815157607043      ,
   31.867290329335031      ,
   4.6633352813508502      ,
   4.8417450490879883      ,
   6.7863634126722685      ,
   6.6994837528659081     
 ],
 [
   26.588017240856040      ,
   24.317269503422864      ,
   26.914969077086280      ,
   23.544062555343753      ,
   24.237503275102107      ,
   23.545283139832655      ,
   26.684023314116082      ,
   24.459694349919328      ,
   26.674766937114462      ,
   5.7854012659557696      ,
   28.404476064568616      ,
   4.1193458486704158      ,
   4.1084466776379109      ,
   6.0794068791025211      ,
   4.5278045681521402      ,
   26.364800478059628      ,
   22.247719968401395      ,
   26.122074403998294      ,
   23.550909994877738      ,
   27.041163353203878      ,
   26.066590812427012      ,
   4.4078425839136832      ,
   21.670231429473258      ,
   28.542731682830006      ,
   4.2078968025614767      ,
   4.3688552802837854      ,
   6.1228476914942336      ,
   6.0444645973233948     
 ],
 [
   30.527852195173260      ,
   27.921099977932112      ,
   30.903251253358690      ,
   27.033300648402008      ,
   27.829475620391577      ,
   27.034702796307780      ,
   30.638085759458672      ,
   28.084627265269372      ,
   30.627477387678500      ,
   6.6427544347588450      ,
   32.613497341467038      ,
   4.7298036428994754      ,
   4.7172893250817447      ,
   6.9803294622798111      ,
   5.1987930467645755      ,
   30.271579468108293      ,
   25.544834790559072      ,
   29.992865617825117      ,
   27.041163353203878      ,
   31.048675977747234      ,
   29.929668765801051      ,
   5.0610535505989036      ,
   24.880942977246626      ,
   32.772239917272998      ,
   4.8314773062265193      ,
   5.0162885989984520      ,
   7.0302078813629905      ,
   6.9402090067665956     
 ],
 [
   29.428163559602226      ,
   26.914811751134685      ,
   29.790040634293554      ,
   26.059011988466846      ,
   26.826528176498737      ,
   26.060362886189868      ,
   29.534424947209004      ,
   27.072450692555737      ,
   29.524178146885451      ,
   6.4033948342750877      ,
   31.438655645175462      ,
   4.5593721036239900      ,
   4.5473086862859704      ,
   6.7288059763059129      ,
   5.0114621582693601      ,
   29.181100934683954      ,
   24.624195995457271      ,
   28.912448452448238      ,
   26.066590812427012      ,
   29.929668765801051      ,
   28.850993747244971      ,
   4.8786859007643786      ,
   23.985092550657079      ,
   31.591679792688460      ,
   4.6573820140890669      ,
   4.8355339953963652      ,
   6.7768871134933590      ,
   6.6901311771288219     
 ],
 [
   4.9720837721512741      ,
   4.5512443907848983      ,
   5.0332257379905343      ,
   4.4064648022089967      ,
   4.5362827840226547      ,
   4.4067868878976695      ,
   4.9900363748521031      ,
   4.5778319809400738      ,
   4.9881879665598508      ,
   1.0852763333734301      ,
   5.3116461057265481      ,
  0.77274358041521696      ,
  0.77069902820376535      ,
   1.1404284801355307      ,
  0.84936590588612815      ,
   4.9302250670930823      ,
   4.1640041400615457      ,
   4.8849502371008393      ,
   4.4078425839136832      ,
   5.0610535505989036      ,
   4.8786859007643786      ,
  0.82686236922107936      ,
   4.0452128714499054      ,
   5.3374998345949551      ,
  0.78935478697921702      ,
  0.81954878134922826      ,
   1.1485774900711032      ,
   1.1338737040808813     
 ],
 [
   24.816751922950612      ,
   22.374605108163699      ,
   25.122342499879156      ,
   21.665837640251038      ,
   22.322458966356063      ,
   21.664984827767022      ,
   24.905709793466102      ,
   22.509634388282269      ,
   24.890182929945279      ,
   5.3107024028194196      ,
   26.504262015936458      ,
   3.7804534893761184      ,
   3.7704321826651990      ,
   5.5805942779386140      ,
   4.1553069184875415      ,
   24.600992434900025      ,
   20.472914742071524      ,
   24.381815157607043      ,
   21.670231429473258      ,
   24.880942977246626      ,
   23.985092550657079      ,
   4.0452128714499054      ,
   20.559706965812516      ,
   26.633263589870140      ,
   3.8616698193132395      ,
   4.0094367068191339      ,
   5.6204687745552038      ,
   5.5485128252658438     
 ],
 [
   32.435732759658897      ,
   29.471016652814800      ,
   32.834850062949904      ,
   28.535543060008195      ,
   29.387480312694379      ,
   28.535867493860149      ,
   32.552457656808848      ,
   29.646042593519660      ,
   32.537486494754596      ,
   7.0063806037117216      ,
   34.647405692341444      ,
   4.9881581380352440      ,
   4.9749485780563409      ,
   7.3624406446953028      ,
   5.4827637465408605      ,
   32.159413541940914      ,
   26.964489138877703      ,
   31.867290329335031      ,
   28.542731682830006      ,
   32.772239917272998      ,
   31.591679792688460      ,
   5.3374998345949551      ,
   26.633263589870140      ,
   34.816045566913729      ,
   5.0953546276660733      ,
   5.2902920084321980      ,
   7.4150482122838568      ,
   7.3201201167115215     
 ],
 [
   4.7465158368059628      ,
   4.3447937851543168      ,
   4.8048839477607252      ,
   4.2065813926502100      ,
   4.3305090711622514      ,
   4.2068890011443925      ,
   4.7636540391719331      ,
   4.3701750143307860      ,
   4.7618899204566718      ,
   1.0360466416519916      ,
   5.0706737990801365      ,
  0.73769089851816327      ,
  0.73573909151762173      ,
   1.0886970070748254      ,
  0.81083753303833095      ,
   4.7065566091828295      ,
   3.9751190263827278      ,
   4.6633352813508502      ,
   4.2078968025614767      ,
   4.8314773062265193      ,
   4.6573820140890669      ,
  0.78935478697921702      ,
   3.8616698193132395      ,
   5.0953546276660733      ,
  0.75354860274485513      ,
  0.78237295291692743      ,
   1.0964763663915100      ,
   1.0824395655937493     
 ],
 [
   4.9281079274340565      ,
   4.5109886940769544      ,
   4.9887091228146003      ,
   4.3674896950110957      ,
   4.4961595635816893      ,
   4.3678089213481774      ,
   4.9459017432316212      ,
   4.5373411419808614      ,
   4.9440696490773011      ,
   1.0756770854711752      ,
   5.2646669443865450      ,
  0.76590867260972817      ,
  0.76388220431282894      ,
   1.1303414126410916      ,
  0.84185327450703107      ,
   4.8866194060028487      ,
   4.1271735980126216      ,
   4.8417450490879883      ,
   4.3688552802837854      ,
   5.0162885989984520      ,
   4.8355339953963652      ,
  0.81954878134922826      ,
   4.0094367068191339      ,
   5.2902920084321980      ,
  0.78237295291692743      ,
  0.81229988210017134      ,
   1.1384183447304652      ,
   1.1238446134106257     
 ],
 [
   6.9074128013810245      ,
   6.3220420769910817      ,
   6.9923546012447071      ,
   6.1209374768277414      ,
   6.3013106202918134      ,
   6.1213810496756613      ,
   6.9323517243479005      ,
   6.3589833423074849      ,
   6.9297713775090530      ,
   1.5075380769960052      ,
   7.3791312830375002      ,
   1.0734022021666294      ,
   1.0705621110258741      ,
   1.5841489681622694      ,
   1.1798366924709938      ,
   6.8492472801937394      ,
   5.7841416254041222      ,
   6.7863634126722685      ,
   6.1228476914942336      ,
   7.0302078813629905      ,
   6.7768871134933590      ,
   1.1485774900711032      ,
   5.6204687745552038      ,
   7.4150482122838568      ,
   1.0964763663915100      ,
   1.1384183447304652      ,
   1.5954686083744718      ,
   1.5750438300231613     
 ],
 [
   6.8189834557082873      ,
   6.2411089554220158      ,
   6.9028378195983322      ,
   6.0425788254150188      ,
   6.2206427374159672      ,
   6.0430167316769934      ,
   6.8436031130177675      ,
   6.2775772804289591      ,
   6.8410558388052216      ,
   1.4882389627245334      ,
   7.2846629991093383      ,
   1.0596607903557240      ,
   1.0568570574548353      ,
   1.5638691009154089      ,
   1.1647327344096017      ,
   6.7615626178276225      ,
   5.7100945416965985      ,
   6.6994837528659081      ,
   6.0444645973233948      ,
   6.9402090067665956      ,
   6.6901311771288219      ,
   1.1338737040808813      ,
   5.5485128252658438      ,
   7.3201201167115215      ,
   1.0824395655937493      ,
   1.1238446134106257      ,
   1.5750438300231613      ,
   1.5548805244573418     
 ]
 ],
  "c8": [    
 [
   666.64920128188328      ,
   693.43870451143732      ,
   674.85239026925922      ,
   671.42762040821731      ,
   691.47870605435730      ,
   671.43554026955348      ,
   669.04795982910946      ,
   697.55746701735609      ,
   668.72795613060327      ,
   106.58334092681663      ,
   712.09236239571862      ,
   75.881333738846934      ,
   75.680382853995198      ,
   111.99984373821215      ,
   83.405419889468661      ,
   660.95768715866996      ,
   634.46289093393148      ,
   654.96603253714568      ,
   671.59709308722256      ,
   771.11492018178944      ,
   743.33745621145306      ,
   81.195622195531712      ,
   523.62701590423512      ,
   715.55832944644305      ,
   77.512030024316218      ,
   80.477483435805283      ,
   112.80012684236191      ,
   111.35604905299371     
 ],
 [
   693.43870451143732      ,
   726.18344932173352      ,
   701.96587504158720      ,
   703.09319511776550      ,
   723.80038431538355      ,
   703.12966328092909      ,
   695.94265647630164      ,
   730.43652637814978      ,
   695.70171892132089      ,
   111.69484192472011      ,
   740.81406897799866      ,
   79.529461254315251      ,
   79.319038822105327      ,
   117.37100978321027      ,
   87.415301229359329      ,
   687.61751409277701      ,
   664.38055414550945      ,
   681.28651005452048      ,
   703.29769175041929      ,
   807.52673168540912      ,
   778.42312747348740      ,
   85.099275292500195      ,
   540.54768682575809      ,
   744.41989919961009      ,
   81.239056984199166      ,
   84.346573323083462      ,
   118.20969232281794      ,
   116.69640290099906     
 ],
 [
   674.85239026925922      ,
   701.96587504158708      ,
   683.15652743337182      ,
   679.68416405633150      ,
   699.98217038126097      ,
   679.69215593445836      ,
   677.28065470609522      ,
   706.13535197209194      ,
   676.95656122455875      ,
   107.89401692910729      ,
   720.85456269330712      ,
   76.814450376803293      ,
   76.611028161256897      ,
   113.37712764355526      ,
   84.431060574940574      ,
   669.09068110072235      ,
   642.26489971241210      ,
   663.02545831301211      ,
   679.85569698395625      ,
   780.59727134551599      ,
   752.47825032242383      ,
   82.194088871894380      ,
   530.07489765694618      ,
   724.36317788049109      ,
   78.465198816824156      ,
   81.467119168066333      ,
   114.18725196060100      ,
   112.72541601499017     
 ],
 [
   671.42762040821731      ,
   703.09319511776550      ,
   679.68416405633150      ,
   680.73751210574937      ,
   700.78856515483005      ,
   680.77251060671438      ,
   673.85202871940919      ,
   707.21158046428729      ,
   673.61864841383738      ,
   108.14182060148889      ,
   717.29903351715984      ,
   76.999550618410225      ,
   76.795820409619537      ,
   113.63742992392436      ,
   84.634534080080712      ,
   665.79105286791219      ,
   643.25567613729936      ,
   659.66115666056669      ,
   680.93520315963076      ,
   781.85003228837354      ,
   753.67191115785101      ,
   82.392183120104065      ,
   523.42458617546993      ,
   720.79040701531244      ,
   78.654758399320556      ,
   81.663425643642384      ,
   114.44943375121950      ,
   112.98428183329086     
 ],
 [
   691.47870605435730      ,
   723.80038431538355      ,
   699.98217038126086      ,
   700.78856515483005      ,
   721.44853192887831      ,
   700.82314836934836      ,
   693.97497050585309      ,
   728.04360526131222      ,
   693.72968280494024      ,
   111.32856309104115      ,
   738.71421602253213      ,
   79.268020910950867      ,
   79.058276755661026      ,
   116.98612418517163      ,
   87.127936014546947      ,
   685.66841862202978      ,
   662.20355140324068      ,
   679.36082720168372      ,
   700.99071381238514      ,
   804.87679604369146      ,
   775.86981307886765      ,
   84.819522815297205      ,
   539.28788911336301      ,
   742.30982221704312      ,
   80.971961064026942      ,
   84.069297890254560      ,
   117.82205505498899      ,
   116.31372507253097     
 ],
 [
   671.43554026955348      ,
   703.12966328092909      ,
   679.69215593445836      ,
   680.77251060671438      ,
   700.82314836934836      ,
   680.80780551129533      ,
   673.86001431535897      ,
   707.24784103647744      ,
   673.62629989095444      ,
   108.14965783005701      ,
   717.30718926767622      ,
   77.005178658077455      ,
   76.801434560588419      ,
   113.64566490834738      ,
   84.640720281944397      ,
   665.79861891715825      ,
   643.28897702577251      ,
   659.66893977439872      ,
   680.97050458413923      ,
   781.89058484241252      ,
   753.71098146754423      ,
   82.398205485930802      ,
   523.40398309383761      ,
   720.79860201646272      ,
   78.660510070222202      ,
   81.669394545245396      ,
   114.45772768682396      ,
   112.99246981493728     
 ],
 [
   669.04795982910946      ,
   695.94265647630164      ,
   677.28065470609522      ,
   673.85202871940919      ,
   693.97497050585309      ,
   673.86001431535897      ,
   671.45536714777586      ,
   700.07619071458760      ,
   671.13447844770667      ,
   106.96815572742908      ,
   714.65493440285968      ,
   76.155316886646830      ,
   75.953640783047618      ,
   112.40421441906661      ,
   83.706570135527784      ,
   663.33624526352150      ,
   636.75379125923666      ,
   657.32275324860927      ,
   674.02214792061136      ,
   773.89935275771552      ,
   746.02155402806136      ,
   81.488793592700716      ,
   525.50400385269199      ,
   718.13337447558774      ,
   77.791902019275739      ,
   80.768061795125817      ,
   113.20738694898434      ,
   111.75809545548606     
 ],
 [
   697.55746701735620      ,
   730.43652637814978      ,
   706.13535197209205      ,
   707.21158046428729      ,
   728.04360526131222      ,
   707.24784103647744      ,
   700.07619071458760      ,
   734.71530892063060      ,
   699.83343272324146      ,
   112.34750176205246      ,
   745.21370280816518      ,
   79.994059113969300      ,
   79.782405079512728      ,
   118.05683805555591      ,
   87.925966600929044      ,
   691.70121716553604      ,
   668.27211067804353      ,
   685.33308773041801      ,
   707.41686581207819      ,
   812.25622500727707      ,
   782.98231959889449      ,
   85.596410682232417      ,
   543.80985680234505      ,
   748.84094767146121      ,
   81.713635807811372      ,
   84.839312017438445      ,
   118.90042097566266      ,
   117.37828850474864     
 ],
 [
   668.72795613060327      ,
   695.70171892132078      ,
   676.95656122455875      ,
   673.61864841383738      ,
   693.72968280494024      ,
   673.62629989095444      ,
   671.13447844770667      ,
   699.83343272324157      ,
   670.82600410696728      ,
   106.92834136234673      ,
   714.32624681131790      ,
   76.127107001080489      ,
   75.925508452618189      ,
   112.36237523159315      ,
   83.675563376294264      ,
   663.03126516150110      ,
   636.53185385629581      ,
   657.00837075913637      ,
   673.78833748523755      ,
   773.63139175914205      ,
   745.76272610387264      ,
   81.458608529809908      ,
   525.17639106770696      ,
   717.80309861011574      ,
   77.763093430507652      ,
   80.738143147010106      ,
   113.16524910966753      ,
   111.71649770209568     
 ],
 [
   106.58334092681663      ,
   111.69484192472011      ,
   107.89401692910728      ,
   108.14182060148889      ,
   111.32856309104115      ,
   108.14965783005700      ,
   106.96815572742909      ,
   112.34750176205247      ,
   106.92834136234673      ,
   17.219294060944026      ,
   113.86209237167725      ,
   12.260538334122570      ,
   12.228098450014757      ,
   18.094353524456984      ,
   13.476246804036585      ,
   105.68583165530973      ,
   102.19147104286635      ,
   104.71551449366513      ,
   108.17556974220020      ,
   124.20637957579116      ,
   119.73082810316254      ,
   13.119200164534703      ,
   82.947236292182964      ,
   114.41630079594121      ,
   12.524094420613851      ,
   13.003161096155480      ,
   18.223647913054656      ,
   17.990353465051111     
 ],
 [
   712.09236239571862      ,
   740.81406897799866      ,
   720.85456269330712      ,
   717.29903351715984      ,
   738.71421602253224      ,
   717.30718926767622      ,
   714.65493440285968      ,
   745.21370280816507      ,
   714.32624681131790      ,
   113.86209237167725      ,
   760.64730078067021      ,
   81.063555379053369      ,
   80.848884176528159      ,
   119.64849530579995      ,
   89.101490028558416      ,
   706.02605341210847      ,
   677.80739252749800      ,
   699.61280731889917      ,
   717.47973467974475      ,
   823.79704404132985      ,
   794.12125961109223      ,
   86.740777147110862      ,
   559.23304029622159      ,
   764.34961160179910      ,
   82.805626963271095      ,
   85.973593324386314      ,
   120.50343140729224      ,
   118.96073594140864     
 ],
 [
   75.881333738846934      ,
   79.529461254315251      ,
   76.814450376803279      ,
   76.999550618410225      ,
   79.268020910950867      ,
   77.005178658077455      ,
   76.155316886646830      ,
   79.994059113969300      ,
   76.127107001080503      ,
   12.260538334122570      ,
   81.063555379053369      ,
   8.7298063505683992      ,
   8.7067087199021795      ,
   12.883600856982696      ,
   9.5954208704992414      ,
   75.242507649914316      ,
   72.762738897946321      ,
   74.551547441877162      ,
   77.023626134162797      ,
   88.437980412903713      ,
   85.251247459451434      ,
   9.3411948603122870      ,
   59.046458470053182      ,
   81.458121421039095      ,
   8.9174657731020393      ,
   9.2585721025418071      ,
   12.975661510560975      ,
   12.809550515096618     
 ],
 [
   75.680382853995212      ,
   79.319038822105327      ,
   76.611028161256883      ,
   76.795820409619537      ,
   79.058276755661026      ,
   76.801434560588405      ,
   75.953640783047618      ,
   79.782405079512728      ,
   75.925508452618203      ,
   12.228098450014757      ,
   80.848884176528159      ,
   8.7067087199021795      ,
   8.6836722095041203      ,
   12.849512421663507      ,
   9.5700329671217030      ,
   75.043251668723997      ,
   72.570218264873830      ,
   74.354118149691672      ,
   76.819833176343806      ,
   88.203987402283332      ,
   85.025685396668123      ,
   9.3164795975869872      ,
   58.889936859038826      ,
   81.242405336884659      ,
   8.8938716469470425      ,
   9.2340754445049846      ,
   12.941329494819625      ,
   12.775658010484156     
 ],
 [
   111.99984373821215      ,
   117.37100978321027      ,
   113.37712764355524      ,
   113.63742992392436      ,
   116.98612418517165      ,
   113.64566490834738      ,
   112.40421441906661      ,
   118.05683805555591      ,
   112.36237523159315      ,
   18.094353524456984      ,
   119.64849530579995      ,
   12.883600856982696      ,
   12.849512421663507      ,
   19.013882238447440      ,
   14.161089842598136      ,
   111.05672193736449      ,
   107.38469252549623      ,
   110.03709545263101      ,
   113.67289365242003      ,
   130.51836542674778      ,
   125.81537333545060      ,
   13.785898617846343      ,
   87.162645750443531      ,
   120.23086826734158      ,
   13.160550465472966      ,
   13.663962615499939      ,
   19.149747179284368      ,
   18.904597046050782     
 ],
 [
   83.405419889468661      ,
   87.415301229359315      ,
   84.431060574940560      ,
   84.634534080080712      ,
   87.127936014546947      ,
   84.640720281944397      ,
   83.706570135527798      ,
   87.925966600929058      ,
   83.675563376294278      ,
   13.476246804036585      ,
   89.101490028558416      ,
   9.5954208704992414      ,
   9.5700329671217030      ,
   14.161089842598136      ,
   10.546866446446355      ,
   82.703250725754927      ,
   79.977616127619697      ,
   81.943777363620768      ,
   84.660996934372193      ,
   97.207155381751932      ,
   93.704437996783341      ,
   10.267432348418577      ,
   64.901250096662338      ,
   89.535179645389391      ,
   9.8016878925039084      ,
   10.176617030887071      ,
   14.262278881431737      ,
   14.079696950000310     
 ],
 [
   660.95768715866996      ,
   687.61751409277690      ,
   669.09068110072235      ,
   665.79105286791219      ,
   685.66841862202978      ,
   665.79861891715825      ,
   663.33624526352150      ,
   691.70121716553604      ,
   663.03126516150110      ,
   105.68583165530974      ,
   706.02605341210847      ,
   75.242507649914316      ,
   75.043251668723997      ,
   111.05672193736449      ,
   82.703250725754927      ,
   655.32709873869135      ,
   629.13522518277932      ,
   649.37427715637614      ,
   665.95877385249401      ,
   764.64162745840815      ,
   737.09680504884432      ,
   80.512056962673896      ,
   519.07454678048691      ,
   709.46250545845714      ,
   76.859483828798403      ,
   79.799963412822635      ,
   111.85026640163855      ,
   110.41834951445757     
 ],
 [
   634.46289093393136      ,
   664.38055414550945      ,
   642.26489971241210      ,
   643.25567613729936      ,
   662.20355140324068      ,
   643.28897702577251      ,
   636.75379125923678      ,
   668.27211067804353      ,
   636.53185385629581      ,
   102.19147104286637      ,
   677.80739252749800      ,
   72.762738897946306      ,
   72.570218264873844      ,
   107.38469252549623      ,
   79.977616127619697      ,
   629.13522518277944      ,
   607.83813919638601      ,
   623.34421553114441      ,
   643.44272280586415      ,
   738.80101307497478      ,
   712.17453926631606      ,
   77.858647923122604      ,
   494.60478309715154      ,
   681.10654353062978      ,
   74.326869598901084      ,
   77.169989576552709      ,
   108.15201695336485      ,
   106.76748283039134     
 ],
 [
   654.96603253714568      ,
   681.28651005452048      ,
   663.02545831301211      ,
   659.66115666056669      ,
   679.36082720168372      ,
   659.66893977439884      ,
   657.32275324860927      ,
   685.33308773041790      ,
   657.00837075913637      ,
   104.71551449366513      ,
   699.61280731889917      ,
   74.551547441877162      ,
   74.354118149691672      ,
   110.03709545263099      ,
   81.943777363620754      ,
   649.37427715637614      ,
   623.34421553114453      ,
   643.48761385253124      ,
   659.82766131862775      ,
   757.60148565476527      ,
   730.31080726323546      ,
   79.772705383038996      ,
   514.44996319197935      ,
   703.01803264343960      ,
   76.153666556553162      ,
   79.067151678890411      ,
   110.82335394733408      ,
   109.40458299387099     
 ],
 [
   671.59709308722256      ,
   703.29769175041929      ,
   679.85569698395625      ,
   680.93520315963076      ,
   700.99071381238514      ,
   680.97050458413923      ,
   674.02214792061136      ,
   707.41686581207819      ,
   673.78833748523766      ,
   108.17556974220020      ,
   717.47973467974487      ,
   77.023626134162797      ,
   76.819833176343806      ,
   113.67289365242002      ,
   84.660996934372193      ,
   665.95877385249401      ,
   643.44272280586415      ,
   659.82766131862775      ,
   681.13324301019759      ,
   782.07743537478052      ,
   753.89110391699774      ,
   82.417944915013933      ,
   523.53073565113618      ,
   720.97198724172404      ,
   78.679353964961464      ,
   81.688959389378212      ,
   114.48515099024553      ,
   113.01954204104739     
 ],
 [
   771.11492018178933      ,
   807.52673168540912      ,
   780.59727134551611      ,
   781.85003228837354      ,
   804.87679604369146      ,
   781.89058484241252      ,
   773.89935275771552      ,
   812.25622500727707      ,
   773.63139175914205      ,
   124.20637957579116      ,
   823.79704404132997      ,
   88.437980412903713      ,
   88.203987402283346      ,
   130.51836542674778      ,
   97.207155381751932      ,
   764.64162745840827      ,
   738.80101307497478      ,
   757.60148565476527      ,
   782.07743537478052      ,
   897.98166459366064      ,
   865.61803145207591      ,
   94.631699023797196      ,
   601.09825882411076      ,
   827.80678465096958      ,
   90.339076975194217      ,
   93.794682899720115      ,
   131.45099328679163      ,
   129.76819220038962     
 ],
 [
   743.33745621145295      ,
   778.42312747348740      ,
   752.47825032242383      ,
   753.67191115785101      ,
   775.86981307886765      ,
   753.71098146754423      ,
   746.02155402806136      ,
   782.98231959889449      ,
   745.76272610387275      ,
   119.73082810316254      ,
   794.12125961109234      ,
   85.251247459451434      ,
   85.025685396668123      ,
   125.81537333545060      ,
   93.704437996783341      ,
   737.09680504884432      ,
   712.17453926631606      ,
   730.31080726323557      ,
   753.89110391699774      ,
   865.61803145207591      ,
   834.42087543122636      ,
   91.221784392726789      ,
   579.45542430283638      ,
   797.98655621109447      ,
   87.083839084051618      ,
