 {
  "c6_ATM": [
 [
   14.404357051335838      ,
   6.5740724896433882      ,
   6.5738422138032480      ,
   14.404274011712346      ,
   6.5740724896412930      ,
   6.5740724896452889     
 ],
 [
   6.5740724896433882      ,
   3.1126355844901212      ,
   3.1125184106734376      ,
   6.5740376933171909      ,
   3.1126355844890550      ,
   3.1126355844910880     
 ],
 [
   6.5738422138032480      ,
   3.1125184106734376      ,
   3.1124012420531861      ,
   6.5738074185150133      ,
   3.1125184106723718      ,
   3.1125184106744048     
 ],
 [
   14.404274011712346      ,
   6.5740376933171909      ,
   6.5738074185150133      ,
   14.404190972677499      ,
   6.5740376933150966      ,
   6.5740376933190916     
 ],
 [
   6.5740724896412930      ,
   3.1126355844890550      ,
   3.1125184106723718      ,
   6.5740376933150966      ,
   3.1126355844879887      ,
   3.1126355844900218     
 ],
 [
   6.5740724896452889      ,
   3.1126355844910880      ,
   3.1125184106744048      ,
   6.5740376933190916      ,
   3.1126355844900218      ,
   3.1126355844920552     
 ]
 ]
 }
