 1  1  3.2103133E+01
 2  1  3.0855230E+01
 3  1  3.2103925E+01
 4  1  3.2298752E+01
 5  1  3.2267473E+01
 6  1  3.2298535E+01
 7  1  5.6718905E+01
 8  1  7.4063073E+00
 9  1  7.5060159E+00
10  1  7.5034579E+00
11  1  7.5055835E+00
12  1  7.4033700E+00
13  1  2.9139758E+01
14  1  2.8703052E+01
15  1  2.8703630E+01
16  1  2.8702880E+01
17  1  7.8645222E+00
18  1  7.6140148E+00
19  1  7.6188207E+00
20  1  7.8643385E+00
21  1  7.6071573E+00
22  1  7.6174108E+00
23  1  7.8643652E+00
24  1  7.6210123E+00
25  1  7.6060132E+00
 1  2  3.0855230E+01
 2  2  2.9655838E+01
 3  2  3.0855992E+01
 4  2  3.1043246E+01
 5  2  3.1013183E+01
 6  2  3.1043037E+01
 7  2  5.4514753E+01
 8  2  7.1184645E+00
 9  2  7.2142980E+00
10  2  7.2118394E+00
11  2  7.2138823E+00
12  2  7.1156413E+00
13  2  2.8007443E+01
14  2  2.7587861E+01
15  2  2.7588417E+01
16  2  2.7587695E+01
17  2  7.5588710E+00
18  2  7.3180995E+00
19  2  7.3227186E+00
20  2  7.5586944E+00
21  2  7.3115085E+00
22  2  7.3213635E+00
23  2  7.5587201E+00
24  2  7.3248251E+00
25  2  7.3104089E+00
 1  3  3.2103925E+01
 2  3  3.0855992E+01
 3  3  3.2104717E+01
 4  3  3.2299549E+01
 5  3  3.2268269E+01
 6  3  3.2299332E+01
 7  3  5.6720305E+01
 8  3  7.4064900E+00
 9  3  7.5062011E+00
10  3  7.5036430E+00
11  3  7.5057686E+00
12  3  7.4035526E+00
13  3  2.9140477E+01
14  3  2.8703760E+01
15  3  2.8704338E+01
16  3  2.8703587E+01
17  3  7.8647162E+00
18  3  7.6142027E+00
19  3  7.6190087E+00
20  3  7.8645325E+00
21  3  7.6073450E+00
22  3  7.6175987E+00
23  3  7.8645592E+00
24  3  7.6212003E+00
25  3  7.6062008E+00
 1  4  3.2298752E+01
 2  4  3.1043246E+01
 3  4  3.2299549E+01
 4  4  3.2495563E+01
 5  4  3.2464093E+01
 6  4  3.2495345E+01
 7  4  5.7064778E+01
 8  4  7.4514618E+00
 9  4  7.5517783E+00
10  4  7.5492047E+00
11  4  7.5513432E+00
12  4  7.4485065E+00
13  4  2.9317475E+01
14  4  2.8878173E+01
15  4  2.8878755E+01
16  4  2.8878000E+01
17  4  7.9124703E+00
18  4  7.6604356E+00
19  4  7.6652708E+00
20  4  7.9122854E+00
21  4  7.6535363E+00
22  4  7.6638523E+00
23  4  7.9123123E+00
24  4  7.6674758E+00
25  4  7.6523852E+00
 1  5  3.2267473E+01
 2  5  3.1013183E+01
 3  5  3.2268269E+01
 4  5  3.2464093E+01
 5  5  3.2432654E+01
 6  5  3.2463875E+01
 7  5  5.7009558E+01
 8  5  7.4442493E+00
 9  5  7.5444687E+00
10  5  7.5418976E+00
11  5  7.5440341E+00
12  5  7.4412969E+00
13  5  2.9289112E+01
14  5  2.8850247E+01
15  5  2.8850828E+01
16  5  2.8850074E+01
17  5  7.9048116E+00
18  5  7.6530209E+00
19  5  7.6578514E+00
20  5  7.9046269E+00
21  5  7.6461282E+00
22  5  7.6564343E+00
23  5  7.9046538E+00
24  5  7.6600542E+00
25  5  7.6449783E+00
 1  6  3.2298535E+01
 2  6  3.1043037E+01
 3  6  3.2299332E+01
 4  6  3.2495345E+01
 5  6  3.2463875E+01
 6  6  3.2495126E+01
 7  6  5.7064394E+01
 8  6  7.4514117E+00
 9  6  7.5517275E+00
10  6  7.5491540E+00
11  6  7.5512925E+00
12  6  7.4484565E+00
13  6  2.9317278E+01
14  6  2.8877979E+01
15  6  2.8878561E+01
16  6  2.8877806E+01
17  6  7.9124171E+00
18  6  7.6603841E+00
19  6  7.6652193E+00
20  6  7.9122323E+00
21  6  7.6534849E+00
22  6  7.6638008E+00
23  6  7.9122592E+00
24  6  7.6674242E+00
25  6  7.6523338E+00
 1  7  5.6718905E+01
 2  7  5.4514753E+01
 3  7  5.6720305E+01
 4  7  5.7064778E+01
 5  7  5.7009558E+01
 6  7  5.7064394E+01
 7  7  1.0039656E+02
 8  7  1.3102328E+01
 9  7  1.3278719E+01
10  7  1.3274195E+01
11  7  1.3277955E+01
12  7  1.3097132E+01
13  7  5.1596583E+01
14  7  5.0872771E+01
15  7  5.0873799E+01
16  7  5.0872464E+01
17  7  1.3912926E+01
18  7  1.3469772E+01
19  7  1.3478274E+01
20  7  1.3912601E+01
21  7  1.3457641E+01
22  7  1.3475780E+01
23  7  1.3912648E+01
24  7  1.3482151E+01
25  7  1.3455617E+01
 1  8  7.4063073E+00
 2  8  7.1184645E+00
 3  8  7.4064900E+00
 4  8  7.4514618E+00
 5  8  7.4442493E+00
 6  8  7.4514117E+00
 7  8  1.3102328E+01
 8  8  1.7125970E+00
 9  8  1.7356531E+00
10  8  1.7350616E+00
11  8  1.7355531E+00
12  8  1.7119178E+00
13  8  6.7178265E+00
14  8  6.6244881E+00
15  8  6.6246216E+00
16  8  6.6244483E+00
17  8  1.8185522E+00
18  8  1.7606262E+00
19  8  1.7617375E+00
20  8  1.8185097E+00
21  8  1.7590405E+00
22  8  1.7614114E+00
23  8  1.8185159E+00
24  8  1.7622442E+00
25  8  1.7587759E+00
 1  9  7.5060159E+00
 2  9  7.2142980E+00
 3  9  7.5062011E+00
 4  9  7.5517783E+00
 5  9  7.5444687E+00
 6  9  7.5517275E+00
 7  9  1.3278719E+01
 8  9  1.7356531E+00
 9  9  1.7590196E+00
10  9  1.7584201E+00
11  9  1.7589183E+00
12  9  1.7349647E+00
13  9  6.8082655E+00
14  9  6.7136705E+00
15  9  6.7138058E+00
16  9  6.7136301E+00
17  9  1.8430347E+00
18  9  1.7843289E+00
19  9  1.7854551E+00
20  9  1.8429917E+00
21  9  1.7827218E+00
22  9  1.7851247E+00
23  9  1.8429979E+00
24  9  1.7859687E+00
25  9  1.7824537E+00
 1 10  7.5034579E+00
 2 10  7.2118394E+00
 3 10  7.5036430E+00
 4 10  7.5492047E+00
 5 10  7.5418976E+00
 6 10  7.5491540E+00
 7 10  1.3274195E+01
 8 10  1.7350616E+00
 9 10  1.7584201E+00
10 10  1.7578209E+00
11 10  1.7583188E+00
12 10  1.7343735E+00
13 10  6.8059458E+00
14 10  6.7113831E+00
15 10  6.7115183E+00
16 10  6.7113428E+00
17 10  1.8424066E+00
18 10  1.7837208E+00
19 10  1.7848467E+00
20 10  1.8423636E+00
21 10  1.7821143E+00
22 10  1.7845164E+00
23 10  1.8423699E+00
24 10  1.7853601E+00
25 10  1.7818463E+00
 1 11  7.5055835E+00
 2 11  7.2138823E+00
 3 11  7.5057686E+00
 4 11  7.5513432E+00
 5 11  7.5440341E+00
 6 11  7.5512925E+00
 7 11  1.3277955E+01
 8 11  1.7355531E+00
 9 11  1.7589183E+00
10 11  1.7583188E+00
11 11  1.7588169E+00
12 11  1.7348648E+00
13 11  6.8078733E+00
14 11  6.7132837E+00
15 11  6.7134190E+00
16 11  6.7132434E+00
17 11  1.8429285E+00
18 11  1.7842261E+00
19 11  1.7853523E+00
20 11  1.8428855E+00
21 11  1.7826191E+00
22 11  1.7850219E+00
23 11  1.8428918E+00
24 11  1.7858658E+00
25 11  1.7823510E+00
 1 12  7.4033700E+00
 2 12  7.1156413E+00
 3 12  7.4035526E+00
 4 12  7.4485065E+00
 5 12  7.4412969E+00
 6 12  7.4484565E+00
 7 12  1.3097132E+01
 8 12  1.7119178E+00
 9 12  1.7349647E+00
10 12  1.7343735E+00
11 12  1.7348648E+00
12 12  1.7112388E+00
13 12  6.7151622E+00
14 12  6.6218609E+00
15 12  6.6219943E+00
16 12  6.6218211E+00
17 12  1.8178309E+00
18 12  1.7599279E+00
19 12  1.7610388E+00
20 12  1.8177885E+00
21 12  1.7583429E+00
22 12  1.7607129E+00
23 12  1.8177947E+00
24 12  1.7615453E+00
25 12  1.7580784E+00
 1 13  2.9139758E+01
 2 13  2.8007443E+01
 3 13  2.9140477E+01
 4 13  2.9317475E+01
 5 13  2.9289112E+01
 6 13  2.9317278E+01
 7 13  5.1596583E+01
 8 13  6.7178265E+00
 9 13  6.8082655E+00
10 13  6.8059458E+00
11 13  6.8078733E+00
12 13  6.7151622E+00
13 13  2.6621993E+01
14 13  2.6235922E+01
15 13  2.6236454E+01
16 13  2.6235763E+01
17 13  7.1334229E+00
18 13  6.9062182E+00
19 13  6.9105773E+00
20 13  7.1332562E+00
21 13  6.8999982E+00
22 13  6.9092985E+00
23 13  7.1332805E+00
24 13  6.9125652E+00
25 13  6.8989604E+00
 1 14  2.8703052E+01
 2 14  2.7587861E+01
 3 14  2.8703760E+01
 4 14  2.8878173E+01
 5 14  2.8850247E+01
 6 14  2.8877979E+01
 7 14  5.0872771E+01
 8 14  6.6244881E+00
 9 14  6.7136705E+00
10 14  6.7113831E+00
11 14  6.7132837E+00
12 14  6.6218609E+00
13 14  2.6235922E+01
14 14  2.5872313E+01
15 14  2.5872839E+01
16 14  2.5872156E+01
17 14  7.0343068E+00
18 14  6.8102612E+00
19 14  6.8145598E+00
20 14  7.0341425E+00
21 14  6.8041277E+00
22 14  6.8132988E+00
23 14  7.0341664E+00
24 14  6.8165201E+00
25 14  6.8031043E+00
 1 15  2.8703630E+01
 2 15  2.7588417E+01
 3 15  2.8704338E+01
 4 15  2.8878755E+01
 5 15  2.8850828E+01
 6 15  2.8878561E+01
 7 15  5.0873799E+01
 8 15  6.6246216E+00
 9 15  6.7138058E+00
10 15  6.7115183E+00
11 15  6.7134190E+00
12 15  6.6219943E+00
13 15  2.6236454E+01
14 15  2.5872839E+01
15 15  2.5873364E+01
16 15  2.5872682E+01
17 15  7.0344486E+00
18 15  6.8103985E+00
19 15  6.8146971E+00
20 15  7.0342843E+00
21 15  6.8042648E+00
22 15  6.8134361E+00
23 15  7.0343082E+00
24 15  6.8166574E+00
25 15  6.8032414E+00
 1 16  2.8702880E+01
 2 16  2.7587695E+01
 3 16  2.8703587E+01
 4 16  2.8878000E+01
 5 16  2.8850074E+01
 6 16  2.8877806E+01
 7 16  5.0872464E+01
 8 16  6.6244483E+00
 9 16  6.7136301E+00
10 16  6.7113428E+00
11 16  6.7132434E+00
12 16  6.6218211E+00
13 16  2.6235763E+01
14 16  2.5872156E+01
15 16  2.5872682E+01
16 16  2.5871999E+01
17 16  7.0342646E+00
18 16  6.8102203E+00
19 16  6.8145189E+00
20 16  7.0341003E+00
21 16  6.8040868E+00
22 16  6.8132578E+00
23 16  7.0341242E+00
24 16  6.8164791E+00
25 16  6.8030635E+00
 1 17  7.8645222E+00
 2 17  7.5588710E+00
 3 17  7.8647162E+00
 4 17  7.9124703E+00
 5 17  7.9048116E+00
 6 17  7.9124171E+00
 7 17  1.3912926E+01
 8 17  1.8185522E+00
 9 17  1.8430347E+00
10 17  1.8424066E+00
11 17  1.8429285E+00
12 17  1.8178309E+00
13 17  7.1334229E+00
14 17  7.0343068E+00
15 17  7.0344486E+00
16 17  7.0342646E+00
17 17  1.9310626E+00
18 17  1.8695528E+00
19 17  1.8707329E+00
20 17  1.9310175E+00
21 17  1.8678690E+00
22 17  1.8703867E+00
23 17  1.9310241E+00
24 17  1.8712710E+00
25 17  1.8675881E+00
 1 18  7.6140148E+00
 2 18  7.3180995E+00
 3 18  7.6142027E+00
 4 18  7.6604356E+00
 5 18  7.6530209E+00
 6 18  7.6603841E+00
 7 18  1.3469772E+01
 8 18  1.7606262E+00
 9 18  1.7843289E+00
10 18  1.7837208E+00
11 18  1.7842261E+00
12 18  1.7599279E+00
13 18  6.9062182E+00
14 18  6.8102612E+00
15 18  6.8103985E+00
16 18  6.8102203E+00
17 18  1.8695528E+00
18 18  1.8100023E+00
19 18  1.8111448E+00
20 18  1.8695092E+00
21 18  1.8083722E+00
22 18  1.8108096E+00
23 18  1.8695155E+00
24 18  1.8116658E+00
25 18  1.8081002E+00
 1 19  7.6188207E+00
 2 19  7.3227186E+00
 3 19  7.6190087E+00
 4 19  7.6652708E+00
 5 19  7.6578514E+00
 6 19  7.6652193E+00
 7 19  1.3478274E+01
 8 19  1.7617375E+00
 9 19  1.7854551E+00
10 19  1.7848467E+00
11 19  1.7853523E+00
12 19  1.7610388E+00
13 19  6.9105773E+00
14 19  6.8145598E+00
15 19  6.8146971E+00
16 19  6.8145189E+00
17 19  1.8707329E+00
18 19  1.8111448E+00
19 19  1.8122880E+00
20 19  1.8706892E+00
21 19  1.8095136E+00
22 19  1.8119526E+00
23 19  1.8706956E+00
24 19  1.8128093E+00
25 19  1.8092415E+00
 1 20  7.8643385E+00
 2 20  7.5586944E+00
 3 20  7.8645325E+00
 4 20  7.9122854E+00
 5 20  7.9046269E+00
 6 20  7.9122323E+00
 7 20  1.3912601E+01
 8 20  1.8185097E+00
 9 20  1.8429917E+00
10 20  1.8423636E+00
11 20  1.8428855E+00
12 20  1.8177885E+00
13 20  7.1332562E+00
14 20  7.0341425E+00
15 20  7.0342843E+00
16 20  7.0341003E+00
17 20  1.9310175E+00
18 20  1.8695092E+00
19 20  1.8706892E+00
20 20  1.9309724E+00
21 20  1.8678254E+00
22 20  1.8703430E+00
23 20  1.9309790E+00
24 20  1.8712273E+00
25 20  1.8675445E+00
 1 21  7.6071573E+00
 2 21  7.3115085E+00
 3 21  7.6073450E+00
 4 21  7.6535363E+00
 5 21  7.6461282E+00
 6 21  7.6534849E+00
 7 21  1.3457641E+01
 8 21  1.7590405E+00
 9 21  1.7827218E+00
10 21  1.7821143E+00
11 21  1.7826191E+00
12 21  1.7583429E+00
13 21  6.8999982E+00
14 21  6.8041277E+00
15 21  6.8042648E+00
16 21  6.8040868E+00
17 21  1.8678690E+00
18 21  1.8083722E+00
19 21  1.8095136E+00
20 21  1.8678254E+00
21 21  1.8067435E+00
22 21  1.8091787E+00
23 21  1.8678318E+00
24 21  1.8100341E+00
25 21  1.8064717E+00
 1 22  7.6174108E+00
 2 22  7.3213635E+00
 3 22  7.6175987E+00
 4 22  7.6638523E+00
 5 22  7.6564343E+00
 6 22  7.6638008E+00
 7 22  1.3475780E+01
 8 22  1.7614114E+00
 9 22  1.7851247E+00
10 22  1.7845164E+00
11 22  1.7850219E+00
12 22  1.7607129E+00
13 22  6.9092985E+00
14 22  6.8132988E+00
15 22  6.8134361E+00
16 22  6.8132578E+00
17 22  1.8703867E+00
18 22  1.8108096E+00
19 22  1.8119526E+00
20 22  1.8703430E+00
21 22  1.8091787E+00
22 22  1.8116173E+00
23 22  1.8703494E+00
24 22  1.8124738E+00
25 22  1.8089066E+00
 1 23  7.8643652E+00
 2 23  7.5587201E+00
 3 23  7.8645592E+00
 4 23  7.9123123E+00
 5 23  7.9046538E+00
 6 23  7.9122592E+00
 7 23  1.3912648E+01
 8 23  1.8185159E+00
 9 23  1.8429979E+00
10 23  1.8423699E+00
11 23  1.8428918E+00
12 23  1.8177947E+00
13 23  7.1332805E+00
14 23  7.0341664E+00
15 23  7.0343082E+00
16 23  7.0341242E+00
17 23  1.9310241E+00
18 23  1.8695155E+00
19 23  1.8706956E+00
20 23  1.9309790E+00
21 23  1.8678318E+00
22 23  1.8703494E+00
23 23  1.9309855E+00
24 23  1.8712337E+00
25 23  1.8675508E+00
 1 24  7.6210123E+00
 2 24  7.3248251E+00
 3 24  7.6212003E+00
 4 24  7.6674758E+00
 5 24  7.6600542E+00
 6 24  7.6674242E+00
 7 24  1.3482151E+01
 8 24  1.7622442E+00
 9 24  1.7859687E+00
10 24  1.7853601E+00
11 24  1.7858658E+00
12 24  1.7615453E+00
13 24  6.9125652E+00
14 24  6.8165201E+00
15 24  6.8166574E+00
16 24  6.8164791E+00
17 24  1.8712710E+00
18 24  1.8116658E+00
19 24  1.8128093E+00
20 24  1.8712273E+00
21 24  1.8100341E+00
22 24  1.8124738E+00
23 24  1.8712337E+00
24 24  1.8133308E+00
25 24  1.8097619E+00
 1 25  7.6060132E+00
 2 25  7.3104089E+00
 3 25  7.6062008E+00
 4 25  7.6523852E+00
 5 25  7.6449783E+00
 6 25  7.6523338E+00
 7 25  1.3455617E+01
 8 25  1.7587759E+00
 9 25  1.7824537E+00
10 25  1.7818463E+00
11 25  1.7823510E+00
12 25  1.7580784E+00
13 25  6.8989604E+00
14 25  6.8031043E+00
15 25  6.8032414E+00
16 25  6.8030635E+00
17 25  1.8675881E+00
18 25  1.8081002E+00
19 25  1.8092415E+00
20 25  1.8675445E+00
21 25  1.8064717E+00
22 25  1.8089066E+00
23 25  1.8675508E+00
24 25  1.8097619E+00
25 25  1.8062001E+00
