     1      2   -6.2367116E-01
     1      3   -5.4665902E-01
     1      4   -4.3166875E-01
     1      5   -5.5064315E-01
     1      6   -6.5284496E-01
     1      7   -7.3521198E-01
     1      8   -4.5265584E-02
     1      9   -2.1516378E-02
     1     10   -4.5825688E-02
     1     11   -1.9078869E-01
     1     12   -2.1675366E-01
     1     13   -1.6447266E-02
     1     14   -9.8109904E-03
     1     15   -5.9523111E-03
     1     16   -8.8845845E-03
     1     17   -5.3866938E-04
     1     18   -1.5245662E-03
     1     19   -1.4318112E-03
     1     20   -7.2146118E-04
     1     21   -2.1203600E-03
     1     22   -3.1893182E-03
     1     23   -7.7452842E-04
     1     24   -3.5660861E-03
     1     25   -2.5175714E-03
     2      1   -6.2367116E-01
     2      3   -6.2368691E-01
     2      4   -5.3321886E-01
     2      5   -4.1765374E-01
     2      6   -5.3321496E-01
     2      7   -9.1657702E-01
     2      8   -1.8079933E-01
     2      9   -4.5119815E-02
     2     10   -2.0978229E-02
     2     11   -4.5116206E-02
     2     12   -1.8072493E-01
     2     13   -4.9822833E-02
     2     14   -2.0210586E-02
     2     15   -2.0839913E-02
     2     16   -1.9979880E-02
     2     17   -1.4218507E-03
     2     18   -5.6589138E-03
     2     19   -5.6114927E-03
     2     20   -1.3809259E-03
     2     21   -5.3669699E-03
     2     22   -5.2499905E-03
     2     23   -1.3919640E-03
     2     24   -5.3137084E-03
     2     25   -5.4781739E-03
     3      1   -5.4665902E-01
     3      2   -6.2368691E-01
     3      4   -6.5286553E-01
     3      5   -5.5065870E-01
     3      6   -4.3168768E-01
     3      7   -7.3526819E-01
     3      8   -2.1684497E-01
     3      9   -1.9080459E-01
     3     10   -4.5827748E-02
     3     11   -2.1516229E-02
     3     12   -4.5249009E-02
     3     13   -1.6572599E-02
     3     14   -6.5590326E-03
     3     15   -1.1679434E-02
     3     16   -7.0374035E-03
     3     17   -8.8218104E-04
     3     18   -3.6989121E-03
     3     19   -3.9579063E-03
     3     20   -6.1294594E-04
     3     21   -2.2741147E-03
     3     22   -1.5189350E-03
     3     23   -5.8205358E-04
     3     24   -1.4211140E-03
     3     25   -1.9941520E-03
     4      1   -4.3166875E-01
     4      2   -5.3321886E-01
     4      3   -6.5286553E-01
     4      5   -6.5618308E-01
     4      6   -5.5673311E-01
     4      7   -1.5791133E-01
     4      8   -1.8807114E-01
     4      9   -2.2109652E-01
     4     10   -1.9124415E-01
     4     11   -4.6525090E-02
     4     12   -2.1385336E-02
     4     13   -3.6220683E-03
     4     14   -1.8278887E-03
     4     15   -2.6595940E-03
     4     16   -1.9101659E-03
     4     17   -2.6190010E-04
     4     18   -8.4035757E-04
     4     19   -8.7451031E-04
     4     20   -2.0331240E-04
     4     21   -6.1116917E-04
     4     22   -4.6613256E-04
     4     23   -1.9649031E-04
     4     24   -4.4656765E-04
     4     25   -5.6312921E-04
     5      1   -5.5064315E-01
     5      2   -4.1765374E-01
     5      3   -5.5065870E-01
     5      4   -6.5618308E-01
     5      6   -6.5617899E-01
     5      7   -7.5061475E-02
     5      8   -4.5054282E-02
     5      9   -1.9108634E-01
     5     10   -2.2080862E-01
     5     11   -1.9107653E-01
     5     12   -4.5037695E-02
     5     13   -2.0715034E-03
     5     14   -1.2478960E-03
     5     15   -1.2761597E-03
     5     16   -1.2375239E-03
     5     17   -1.4123309E-04
     5     18   -3.7869882E-04
     5     19   -3.7643174E-04
     5     20   -1.3787220E-04
     5     21   -3.6409251E-04
     5     22   -3.5832228E-04
     5     23   -1.3877701E-04
     5     24   -3.6157137E-04
     5     25   -3.6961467E-04
     6      1   -6.5284496E-01
     6      2   -5.3321496E-01
     6      3   -4.3168768E-01
     6      4   -5.5673311E-01
     6      5   -6.5617899E-01
     6      7   -1.5789883E-01
     6      8   -2.1394112E-02
     6      9   -4.6528361E-02
     6     10   -1.9124334E-01
     6     11   -2.2108226E-01
     6     12   -1.8799622E-01
     6     13   -3.6052583E-03
     6     14   -2.3697024E-03
     6     15   -1.7238079E-03
     6     16   -2.2201676E-03
     6     17   -1.8698218E-04
     6     18   -4.7360827E-04
     6     19   -4.5320476E-04
     6     20   -2.2730283E-04
     6     21   -5.8397615E-04
     6     22   -7.5449657E-04
     6     23   -2.3889256E-04
     6     24   -8.1068580E-04
     6     25   -6.5520956E-04
     7      1   -7.3521198E-01
     7      2   -9.1657702E-01
     7      3   -7.3526819E-01
     7      4   -1.5791133E-01
     7      5   -7.5061475E-02
     7      6   -1.5789883E-01
     7      8   -1.7876727E-01
     7      9   -9.7056889E-03
     7     10   -3.8835190E-03
     7     11   -9.7040631E-03
     7     12   -1.7866251E-01
     7     13   -8.1867217E-01
     7     14   -3.8859675E-01
     7     15   -3.9704278E-01
     7     16   -3.8540594E-01
     7     17   -2.1713062E-02
     7     18   -9.7815927E-02
     7     19   -9.7126528E-02
     7     20   -2.1104171E-02
     7     21   -9.3509484E-02
     7     22   -9.1784769E-02
     7     23   -2.1270108E-02
     7     24   -9.2751710E-02
     7     25   -9.5168857E-02
     8      1   -4.5265584E-02
     8      2   -1.8079933E-01
     8      3   -2.1684497E-01
     8      4   -1.8807114E-01
     8      5   -4.5054282E-02
     8      6   -2.1394112E-02
     8      7   -1.7876727E-01
     8      9   -4.0381816E-02
     8     10   -2.3617514E-03
     8     11   -9.7560488E-04
     8     12   -2.3899126E-03
     8     13   -4.4791377E-03
     8     14   -1.5088864E-03
     8     15   -4.4790149E-03
     8     16   -1.7285753E-03
     8     17   -3.2347388E-04
     8     18   -1.5970199E-03
     8     19   -1.8724730E-03
     8     20   -1.6318531E-04
     8     21   -6.2936965E-04
     8     22   -3.1052890E-04
     8     23   -1.4737735E-04
     8     24   -2.7520712E-04
     8     25   -4.8549461E-04
     9      1   -2.1516378E-02
     9      2   -4.5119815E-02
     9      3   -1.9080459E-01
     9      4   -2.2109652E-01
     9      5   -1.9108634E-01
     9      6   -4.6528361E-02
     9      7   -9.7056889E-03
     9      8   -4.0381816E-02
     9     10   -4.0980526E-02
     9     11   -2.4242784E-03
     9     12   -9.7527418E-04
     9     13   -3.9136415E-04
     9     14   -2.0257896E-04
     9     15   -3.4288739E-04
     9     16   -2.1652662E-04
     9     17   -3.8339053E-05
     9     18   -1.1493346E-04
     9     19   -1.2254749E-04
     9     20   -2.6609022E-05
     9     21   -7.3799074E-05
     9     22   -5.0792497E-05
     9     23   -2.5215299E-05
     9     24   -4.7649874E-05
     9     25   -6.5100729E-05
    10      1   -4.5825688E-02
    10      2   -2.0978229E-02
    10      3   -4.5827748E-02
    10      4   -1.9124415E-01
    10      5   -2.2080862E-01
    10      6   -1.9124334E-01
    10      7   -3.8835190E-03
    10      8   -2.3617514E-03
    10      9   -4.0980526E-02
    10     11   -4.0978288E-02
    10     12   -2.3608607E-03
    10     13   -1.8468401E-04
    10     14   -1.2033183E-04
    10     15   -1.2272583E-04
    10     16   -1.1945182E-04
    10     17   -1.5627852E-05
    10     18   -3.7294186E-05
    10     19   -3.7099956E-05
    10     20   -1.5286863E-05
    10     21   -3.6017145E-05
    10     22   -3.5517574E-05
    10     23   -1.5378702E-05
    10     24   -3.5804050E-05
    10     25   -3.6498466E-05
    11      1   -1.9078869E-01
    11      2   -4.5116206E-02
    11      3   -2.1516229E-02
    11      4   -4.6525090E-02
    11      5   -1.9107653E-01
    11      6   -2.2108226E-01
    11      7   -9.7040631E-03
    11      8   -9.7560488E-04
    11      9   -2.4242784E-03
    11     10   -4.0978288E-02
    11     12   -4.0364441E-02
    11     13   -3.8881282E-04
    11     14   -2.9355710E-04
    11     15   -1.8445600E-04
    11     16   -2.6842047E-04
    11     17   -2.3232710E-05
    11     18   -5.0466219E-05
    11     19   -4.7649297E-05
    11     20   -3.1403368E-05
    11     21   -6.9136683E-05
    11     22   -1.0145786E-04
    11     23   -3.3708283E-05
    11     24   -1.1232207E-04
    11     25   -8.0863906E-05
    12      1   -2.1675366E-01
    12      2   -1.8072493E-01
    12      3   -4.5249009E-02
    12      4   -2.1385336E-02
    12      5   -4.5037695E-02
    12      6   -1.8799622E-01
    12      7   -1.7866251E-01
    12      8   -2.3899126E-03
    12      9   -9.7527418E-04
    12     10   -2.3608607E-03
    12     11   -4.0364441E-02
    12     13   -4.4137364E-03
    12     14   -3.2281778E-03
    12     15   -1.2435647E-03
    12     16   -2.6817099E-03
    12     17   -1.2596509E-04
    12     18   -2.9689659E-04
    12     19   -2.6881580E-04
    12     20   -2.2242510E-04
    12     21   -5.5199750E-04
    12     22   -1.2624782E-03
    12     23   -2.5384539E-04
    12     24   -1.5845422E-03
    12     25   -7.5032509E-04
    13      1   -1.6447266E-02
    13      2   -4.9822833E-02
    13      3   -1.6572599E-02
    13      4   -3.6220683E-03
    13      5   -2.0715034E-03
    13      6   -3.6052583E-03
    13      7   -8.1867217E-01
    13      8   -4.4791377E-03
    13      9   -3.9136415E-04
    13     10   -1.8468401E-04
    13     11   -3.8881282E-04
    13     12   -4.4137364E-03
    13     14   -5.9676218E-01
    13     15   -5.9677488E-01
    13     16   -5.9675834E-01
    13     17   -1.9703678E-01
    13     18   -1.9442362E-01
    13     19   -1.9454689E-01
    13     20   -1.9702855E-01
    13     21   -1.9424533E-01
    13     22   -1.9450628E-01
    13     23   -1.9703001E-01
    13     24   -1.9459922E-01
    13     25   -1.9421715E-01
    14      1   -9.8109904E-03
    14      2   -2.0210586E-02
    14      3   -6.5590326E-03
    14      4   -1.8278887E-03
    14      5   -1.2478960E-03
    14      6   -2.3697024E-03
    14      7   -3.8859675E-01
    14      8   -1.5088864E-03
    14      9   -2.0257896E-04
    14     10   -1.2033183E-04
    14     11   -2.9355710E-04
    14     12   -3.2281778E-03
    14     13   -5.9676218E-01
    14     15   -4.4917565E-01
    14     16   -4.4910273E-01
    14     17   -1.2008803E-01
    14     18   -1.2343021E-01
    14     19   -4.6569034E-02
    14     20   -1.2004035E-01
    14     21   -4.6481623E-02
    14     22   -1.2342530E-01
    14     23   -2.0589441E-01
    14     24   -1.9955417E-01
    14     25   -1.9916148E-01
    15      1   -5.9523111E-03
    15      2   -2.0839913E-02
    15      3   -1.1679434E-02
    15      4   -2.6595940E-03
    15      5   -1.2761597E-03
    15      6   -1.7238079E-03
    15      7   -3.9704278E-01
    15      8   -4.4790149E-03
    15      9   -3.4288739E-04
    15     10   -1.2272583E-04
    15     11   -1.8445600E-04
    15     12   -1.2435647E-03
    15     13   -5.9677488E-01
    15     14   -4.4917565E-01
    15     16   -4.4915460E-01
    15     17   -2.0590266E-01
    15     18   -1.9937495E-01
    15     19   -1.9950077E-01
    15     20   -1.2007331E-01
    15     21   -1.2328567E-01
    15     22   -4.6556570E-02
    15     23   -1.2008850E-01
    15     24   -4.6583373E-02
    15     25   -1.2328263E-01
    16      1   -8.8845845E-03
    16      2   -1.9979880E-02
    16      3   -7.0374035E-03
    16      4   -1.9101659E-03
    16      5   -1.2375239E-03
    16      6   -2.2201676E-03
    16      7   -3.8540594E-01
    16      8   -1.7285753E-03
    16      9   -2.1652662E-04
    16     10   -1.1945182E-04
    16     11   -2.6842047E-04
    16     12   -2.6817099E-03
    16     13   -5.9675834E-01
    16     14   -4.4910273E-01
    16     15   -4.4915460E-01
    16     17   -1.2007126E-01
    16     18   -4.6534115E-02
    16     19   -1.2350304E-01
    16     20   -2.0589248E-01
    16     21   -1.9919025E-01
    16     22   -1.9945869E-01
    16     23   -1.2003755E-01
    16     24   -1.2349397E-01
    16     25   -4.6474258E-02
    17      1   -5.3866938E-04
    17      2   -1.4218507E-03
    17      3   -8.8218104E-04
    17      4   -2.6190010E-04
    17      5   -1.4123309E-04
    17      6   -1.8698218E-04
    17      7   -2.1713062E-02
    17      8   -3.2347388E-04
    17      9   -3.8339053E-05
    17     10   -1.5627852E-05
    17     11   -2.3232710E-05
    17     12   -1.2596509E-04
    17     13   -1.9703678E-01
    17     14   -1.2008803E-01
    17     15   -2.0590266E-01
    17     16   -1.2007126E-01
    17     18   -6.9409281E-02
    17     19   -6.9454152E-02
    17     20   -4.3932438E-02
    17     21   -1.9800683E-02
    17     22   -6.5878739E-03
    17     23   -4.3941074E-02
    17     24   -6.5922922E-03
    17     25   -1.9802320E-02
    18      1   -1.5245662E-03
    18      2   -5.6589138E-03
    18      3   -3.6989121E-03
    18      4   -8.4035757E-04
    18      5   -3.7869882E-04
    18      6   -4.7360827E-04
    18      7   -9.7815927E-02
    18      8   -1.5970199E-03
    18      9   -1.1493346E-04
    18     10   -3.7294186E-05
    18     11   -5.0466219E-05
    18     12   -2.9689659E-04
    18     13   -1.9442362E-01
    18     14   -1.2343021E-01
    18     15   -1.9937495E-01
    18     16   -4.6534115E-02
    18     17   -6.9409281E-02
    18     19   -6.7409652E-02
    18     20   -6.5844829E-03
    18     21   -7.1327610E-03
    18     22   -3.0442617E-03
    18     23   -1.9830728E-02
    18     24   -7.1479402E-03
    18     25   -4.6608759E-02
    19      1   -1.4318112E-03
    19      2   -5.6114927E-03
    19      3   -3.9579063E-03
    19      4   -8.7451031E-04
    19      5   -3.7643174E-04
    19      6   -4.5320476E-04
    19      7   -9.7126528E-02
    19      8   -1.8724730E-03
    19      9   -1.2254749E-04
    19     10   -3.7099956E-05
    19     11   -4.7649297E-05
    19     12   -2.6881580E-04
    19     13   -1.9454689E-01
    19     14   -4.6569034E-02
    19     15   -1.9950077E-01
    19     16   -1.2350304E-01
    19     17   -6.9454152E-02
    19     18   -6.7409652E-02
    19     20   -1.9843011E-02
    19     21   -4.6641665E-02
    19     22   -7.1490294E-03
    19     23   -6.5900811E-03
    19     24   -3.0477627E-03
    19     25   -7.1369756E-03
    20      1   -7.2146118E-04
    20      2   -1.3809259E-03
    20      3   -6.1294594E-04
    20      4   -2.0331240E-04
    20      5   -1.3787220E-04
    20      6   -2.2730283E-04
    20      7   -2.1104171E-02
    20      8   -1.6318531E-04
    20      9   -2.6609022E-05
    20     10   -1.5286863E-05
    20     11   -3.1403368E-05
    20     12   -2.2242510E-04
    20     13   -1.9702855E-01
    20     14   -1.2004035E-01
    20     15   -1.2007331E-01
    20     16   -2.0589248E-01
    20     17   -4.3932438E-02
    20     18   -6.5844829E-03
    20     19   -1.9843011E-02
    20     21   -6.9343792E-02
    20     22   -6.9439422E-02
    20     23   -4.3916304E-02
    20     24   -1.9837659E-02
    20     25   -6.5751872E-03
    21      1   -2.1203600E-03
    21      2   -5.3669699E-03
    21      3   -2.2741147E-03
    21      4   -6.1116917E-04
    21      5   -3.6409251E-04
    21      6   -5.8397615E-04
    21      7   -9.3509484E-02
    21      8   -6.2936965E-04
    21      9   -7.3799074E-05
    21     10   -3.6017145E-05
    21     11   -6.9136683E-05
    21     12   -5.5199750E-04
    21     13   -1.9424533E-01
    21     14   -4.6481623E-02
    21     15   -1.2328567E-01
    21     16   -1.9919025E-01
    21     17   -1.9800683E-02
    21     18   -7.1327610E-03
    21     19   -4.6641665E-02
    21     20   -6.9343792E-02
    21     22   -6.7340971E-02
    21     23   -6.5762489E-03
    21     24   -7.1385451E-03
    21     25   -3.0367388E-03
    22      1   -3.1893182E-03
    22      2   -5.2499905E-03
    22      3   -1.5189350E-03
    22      4   -4.6613256E-04
    22      5   -3.5832228E-04
    22      6   -7.5449657E-04
    22      7   -9.1784769E-02
    22      8   -3.1052890E-04
    22      9   -5.0792497E-05
    22     10   -3.5517574E-05
    22     11   -1.0145786E-04
    22     12   -1.2624782E-03
    22     13   -1.9450628E-01
    22     14   -1.2342530E-01
    22     15   -4.6556570E-02
    22     16   -1.9945869E-01
    22     17   -6.5878739E-03
    22     18   -3.0442617E-03
    22     19   -7.1490294E-03
    22     20   -6.9439422E-02
    22     21   -6.7340971E-02
    22     23   -1.9823244E-02
    22     24   -4.6700311E-02
    22     25   -7.1334882E-03
    23      1   -7.7452842E-04
    23      2   -1.3919640E-03
    23      3   -5.8205358E-04
    23      4   -1.9649031E-04
    23      5   -1.3877701E-04
    23      6   -2.3889256E-04
    23      7   -2.1270108E-02
    23      8   -1.4737735E-04
    23      9   -2.5215299E-05
    23     10   -1.5378702E-05
    23     11   -3.3708283E-05
    23     12   -2.5384539E-04
    23     13   -1.9703001E-01
    23     14   -2.0589441E-01
    23     15   -1.2008850E-01
    23     16   -1.2003755E-01
    23     17   -4.3941074E-02
    23     18   -1.9830728E-02
    23     19   -6.5900811E-03
    23     20   -4.3916304E-02
    23     21   -6.5762489E-03
    23     22   -1.9823244E-02
    23     24   -6.9473264E-02
    23     25   -6.9333306E-02
    24      1   -3.5660861E-03
    24      2   -5.3137084E-03
    24      3   -1.4211140E-03
    24      4   -4.4656765E-04
    24      5   -3.6157137E-04
    24      6   -8.1068580E-04
    24      7   -9.2751710E-02
    24      8   -2.7520712E-04
    24      9   -4.7649874E-05
    24     10   -3.5804050E-05
    24     11   -1.1232207E-04
    24     12   -1.5845422E-03
    24     13   -1.9459922E-01
    24     14   -1.9955417E-01
    24     15   -4.6583373E-02
    24     16   -1.2349397E-01
    24     17   -6.5922922E-03
    24     18   -7.1479402E-03
    24     19   -3.0477627E-03
    24     20   -1.9837659E-02
    24     21   -7.1385451E-03
    24     22   -4.6700311E-02
    24     23   -6.9473264E-02
    24     25   -6.7361458E-02
    25      1   -2.5175714E-03
    25      2   -5.4781739E-03
    25      3   -1.9941520E-03
    25      4   -5.6312921E-04
    25      5   -3.6961467E-04
    25      6   -6.5520956E-04
    25      7   -9.5168857E-02
    25      8   -4.8549461E-04
    25      9   -6.5100729E-05
    25     10   -3.6498466E-05
    25     11   -8.0863906E-05
    25     12   -7.5032509E-04
    25     13   -1.9421715E-01
    25     14   -1.9916148E-01
    25     15   -1.2328263E-01
    25     16   -4.6474258E-02
    25     17   -1.9802320E-02
    25     18   -4.6608759E-02
    25     19   -7.1369756E-03
    25     20   -6.5751872E-03
    25     21   -3.0367388E-03
    25     22   -7.1334882E-03
    25     23   -6.9333306E-02
    25     24   -6.7361458E-02
