 {
  "pairs2": [
 [
   0.0000000000000000      ,
  -2.2136106321945926E-004 ,
  -1.9723785808400590E-004 ,
  -8.9764970865001056E-004 ,
  -7.9131678393760396E-005 ,
  -1.2240355417879962E-004
 ],
 [
  -2.2136106321945926E-004 ,
   0.0000000000000000      ,
  -3.9884495834800911E-005 ,
  -1.7221449327378999E-004 ,
  -1.1524549122246182E-005 ,
  -3.3993219413291008E-005
 ],
 [
  -1.9723785808400590E-004 ,
  -3.9884495834800911E-005 ,
   0.0000000000000000      ,
  -1.9809099838924999E-004 ,
  -2.8058479522991771E-005 ,
  -3.0216263320185592E-005
 ],
 [
  -8.9764970865001056E-004 ,
  -1.7221449327378999E-004 ,
  -1.9809099838924999E-004 ,
   0.0000000000000000      ,
  -2.2780052522121215E-004 ,
  -2.3318302583593813E-004
 ],
 [
  -7.9131678393760396E-005 ,
  -1.1524549122246182E-005 ,
  -2.8058479522991771E-005 ,
  -2.2780052522121215E-004 ,
   0.0000000000000000      ,
  -4.4813324482163116E-005
 ],
 [
  -1.2240355417879962E-004 ,
  -3.3993219413291008E-005 ,
  -3.0216263320185592E-005 ,
  -2.3318302583593813E-004 ,
  -4.4813324482163116E-005 ,
   0.0000000000000000     
 ]
 ]
 }
