     1      2   -6.2621701E-01
     1      3   -6.1691988E-01
     1      4   -4.2042890E-01
     1      5   -5.2372857E-01
     1      6   -6.0628829E-01
     1      7   -1.1679013E-01
     1      8   -3.7379729E-02
     1      9   -7.3099443E-02
     1     10   -1.8586515E-01
     1     11   -6.8188049E-01
     1     12   -3.6103650E-02
     1     13   -9.4028143E-02
     1     14   -2.0787499E-03
     1     15   -3.8383902E-03
     1     16   -3.2297887E-02
     1     17   -6.9280224E-02
     1     18   -1.6719929E-01
     1     19   -1.1030712E-01
     1     20   -4.4179239E-02
     1     21   -2.5154542E-02
     1     22   -2.1617976E-03
     1     23   -3.3291274E-02
     1     24   -9.1336346E-02
     1     25   -1.2497009E-02
     1     26   -5.4990662E-03
     1     27   -4.0087261E-03
     1     28   -1.9189077E-03
     2      1   -6.2621701E-01
     2      3   -6.3412257E-01
     2      4   -4.4784970E-01
     2      5   -3.6596960E-01
     2      6   -4.2885504E-01
     2      7   -6.5977483E-02
     2      8   -3.8832280E-02
     2      9   -1.4005049E-01
     2     10   -1.7487333E-01
     2     11   -1.4614980E-01
     2     12   -5.7826731E-03
     2     13   -1.1813932E-02
     2     14   -2.1364741E-03
     2     15   -9.6963922E-03
     2     16   -2.1707980E-02
     2     17   -3.1560623E-02
     2     18   -9.8017031E-02
     2     19   -1.4030474E-01
     2     20   -7.6185340E-02
     2     21   -2.9101269E-02
     2     22   -1.3273071E-03
     2     23   -1.0914490E-02
     2     24   -1.6937251E-01
     2     25   -1.7493943E-02
     2     26   -1.5463018E-02
     2     27   -9.5752653E-03
     2     28   -2.3530881E-03
     3      1   -6.1691988E-01
     3      2   -6.3412257E-01
     3      4   -6.1386197E-01
     3      5   -5.0415788E-01
     3      6   -3.5570979E-01
     3      7   -1.4061919E-01
     3      8   -1.4603768E-01
     3      9   -6.0282503E-01
     3     10   -1.8673364E-01
     3     11   -6.0145567E-02
     3     12   -3.4844684E-03
     3     13   -3.5629071E-03
     3     14   -7.3280623E-03
     3     15   -7.6204391E-02
     3     16   -3.1544737E-02
     3     17   -2.6112975E-02
     3     18   -6.1286909E-02
     3     19   -1.3726584E-01
     3     20   -1.6093892E-01
     3     21   -6.5151600E-02
     3     22   -1.9501909E-03
     3     23   -7.9206701E-03
     3     24   -1.2358260E-01
     3     25   -7.6254296E-03
     3     26   -1.5955783E-02
     3     27   -2.8247584E-02
     3     28   -6.4461784E-03
     4      1   -4.2042890E-01
     4      2   -4.4784970E-01
     4      3   -6.1386197E-01
     4      5   -4.8969156E-01
     4      6   -4.0652659E-01
     4      7   -5.2502217E-01
     4      8   -4.4977934E-01
     4      9   -6.0789525E-01
     4     10   -4.7115876E-02
     4     11   -1.2280237E-01
     4     12   -9.7190054E-03
     4     13   -4.9171294E-03
     4     14   -4.7022111E-02
     4     15   -1.1554984E-01
     4     16   -8.0927578E-02
     4     17   -4.6567222E-02
     4     18   -6.0230010E-02
     4     19   -9.4830234E-02
     4     20   -1.6582353E-01
     4     21   -1.3887763E-01
     4     22   -5.7109058E-03
     4     23   -1.3993966E-02
     4     24   -4.4644310E-02
     4     25   -2.6889042E-03
     4     26   -4.7039061E-03
     4     27   -2.1808127E-02
     4     28   -1.6517058E-02
     5      1   -5.2372857E-01
     5      2   -3.6596960E-01
     5      3   -5.0415788E-01
     5      4   -4.8969156E-01
     5      6   -4.8954609E-01
     5      7   -6.2613892E-01
     5      8   -4.7380263E-01
     5      9   -5.6223083E-01
     5     10   -2.0077893E-02
     5     11   -5.4053395E-01
     5     12   -7.6751053E-02
     5     13   -2.7687118E-02
     5     14   -5.3229591E-02
     5     15   -4.0187387E-02
     5     16   -1.5409212E-01
     5     17   -1.1421616E-01
     5     18   -9.2145823E-02
     5     19   -7.0089539E-02
     5     20   -8.7674497E-02
     5     21   -1.2047427E-01
     5     22   -1.4213612E-02
     5     23   -4.9212920E-02
     5     24   -2.5226973E-02
     5     25   -1.9661319E-03
     5     26   -1.9756842E-03
     5     27   -7.1280639E-03
     5     28   -1.2236012E-02
     6      1   -6.0628829E-01
     6      2   -4.2885504E-01
     6      3   -3.5570979E-01
     6      4   -4.0652659E-01
     6      5   -4.8954609E-01
     6      7   -4.5403698E-01
     6      8   -1.3133209E-01
     6      9   -1.4164379E-01
     6     10   -4.1802909E-02
     6     11   -6.4783467E-01
     6     12   -1.0913456E-01
     6     13   -1.0762833E-01
     6     14   -6.2517181E-03
     6     15   -5.4652303E-03
     6     16   -7.7141731E-02
     6     17   -1.3116544E-01
     6     18   -1.4742200E-01
     6     19   -7.0521057E-02
     6     20   -4.2160262E-02
     6     21   -4.2130075E-02
     6     22   -6.2439539E-03
     6     23   -8.0307680E-02
     6     24   -3.2530225E-02
     6     25   -3.5977541E-03
     6     26   -2.0056678E-03
     6     27   -3.1614918E-03
     6     28   -3.2958427E-03
     7      1   -1.1679013E-01
     7      2   -6.5977483E-02
     7      3   -1.4061919E-01
     7      4   -5.2502217E-01
     7      5   -6.2613892E-01
     7      6   -4.5403698E-01
     7      8   -6.3268392E-01
     7      9   -6.6748740E-01
     7     10   -3.1115353E-03
     7     11   -3.2281051E-01
     7     12   -7.0626425E-02
     7     13   -8.9228360E-03
     7     14   -1.8968661E-01
     7     15   -4.0927139E-02
     7     16   -1.6969633E-01
     7     17   -7.0209309E-02
     7     18   -3.2228508E-02
     7     19   -2.2821684E-02
     7     20   -4.3300695E-02
     7     21   -1.1183622E-01
     7     22   -2.7704067E-02
     7     23   -3.8537022E-02
     7     24   -7.7996974E-03
     7     25   -6.1915289E-04
     7     26   -7.0025576E-04
     7     27   -3.8145543E-03
     7     28   -1.7958697E-02
     8      1   -3.7379729E-02
     8      2   -3.8832280E-02
     8      3   -1.4603768E-01
     8      4   -4.4977934E-01
     8      5   -4.7380263E-01
     8      6   -1.3133209E-01
     8      7   -6.3268392E-01
     8      9   -6.3146562E-01
     8     10   -2.0905073E-03
     8     11   -4.7646670E-02
     8     12   -8.6512054E-03
     8     13   -1.6770084E-03
     8     14   -1.8484572E-01
     8     15   -1.1906879E-01
     8     16   -9.5359439E-02
     8     17   -2.5908477E-02
     8     18   -1.4761803E-02
     8     19   -1.6294473E-02
     8     20   -4.9733544E-02
     8     21   -1.2549085E-01
     8     22   -1.4514568E-02
     8     23   -1.1014871E-02
     8     24   -6.0269606E-03
     8     25   -4.1603481E-04
     8     26   -6.6912996E-04
     8     27   -5.9331474E-03
     8     28   -3.3279700E-02
     9      1   -7.3099443E-02
     9      2   -1.4005049E-01
     9      3   -6.0282503E-01
     9      4   -6.0789525E-01
     9      5   -5.6223083E-01
     9      6   -1.4164379E-01
     9      7   -6.6748740E-01
     9      8   -6.3146562E-01
     9     10   -7.2265574E-03
     9     11   -3.1928605E-02
     9     12   -3.7845697E-03
     9     13   -1.3620249E-03
     9     14   -1.8725696E-01
     9     15   -1.6614596E-01
     9     16   -6.7866924E-02
     9     17   -2.1936103E-02
     9     18   -2.0465885E-02
     9     19   -3.4806900E-02
     9     20   -1.1930632E-01
     9     21   -1.5861383E-01
     9     22   -6.4234240E-03
     9     23   -7.4071830E-03
     9     24   -1.5199472E-02
     9     25   -8.9174471E-04
     9     26   -1.9667509E-03
     9     27   -1.9930691E-02
     9     28   -3.5830458E-02
    10      1   -1.8586515E-01
    10      2   -1.7487333E-01
    10      3   -1.8673364E-01
    10      4   -4.7115876E-02
    10      5   -2.0077893E-02
    10      6   -4.1802909E-02
    10      7   -3.1115353E-03
    10      8   -2.0905073E-03
    10      9   -7.2265574E-03
    10     11   -8.9043885E-03
    10     12   -3.8430484E-04
    10     13   -1.0134062E-03
    10     14   -1.5960582E-04
    10     15   -6.8400788E-04
    10     16   -1.7013117E-03
    10     17   -2.6012556E-03
    10     18   -1.0003574E-02
    10     19   -1.7033311E-02
    10     20   -7.2658580E-03
    10     21   -2.3436301E-03
    10     22   -1.1586008E-04
    10     23   -1.0359190E-03
    10     24   -3.8532006E-02
    10     25   -5.3714374E-03
    10     26   -4.2330275E-03
    10     27   -1.1697128E-03
    10     28   -2.1844460E-04
    11      1   -6.8188049E-01
    11      2   -1.4614980E-01
    11      3   -6.0145567E-02
    11      4   -1.2280237E-01
    11      5   -5.4053395E-01
    11      6   -6.4783467E-01
    11      7   -3.2281051E-01
    11      8   -4.7646670E-02
    11      9   -3.1928605E-02
    11     10   -8.9043885E-03
    11     12   -1.6096210E-01
    11     13   -1.6051203E-01
    11     14   -3.1184546E-03
    11     15   -1.4808802E-03
    11     16   -5.0380996E-02
    11     17   -1.1750273E-01
    11     18   -8.7614360E-02
    11     19   -2.5816974E-02
    11     20   -1.4413146E-02
    11     21   -1.8105547E-02
    11     22   -5.5926401E-03
    11     23   -1.4843353E-01
    11     24   -1.2485040E-02
    11     25   -1.7173305E-03
    11     26   -7.7335000E-04
    11     27   -1.1364932E-03
    11     28   -1.6205390E-03
    12      1   -3.6103650E-02
    12      2   -5.7826731E-03
    12      3   -3.4844684E-03
    12      4   -9.7190054E-03
    12      5   -7.6751053E-02
    12      6   -1.0913456E-01
    12      7   -7.0626425E-02
    12      8   -8.6512054E-03
    12      9   -3.7845697E-03
    12     10   -3.8430484E-04
    12     11   -1.6096210E-01
    12     13   -2.6789184E-02
    12     14   -6.6347414E-04
    12     15   -1.8038188E-04
    12     16   -7.2974607E-03
    12     17   -1.2829921E-02
    12     18   -5.9479880E-03
    12     19   -1.8207377E-03
    12     20   -1.3415947E-03
    12     21   -2.2320064E-03
    12     22   -1.1503599E-03
    12     23   -2.1150210E-02
    12     24   -8.1087120E-04
    12     25   -1.0506301E-04
    12     26   -5.7264723E-05
    12     27   -1.1206496E-04
    12     28   -2.3873650E-04
    13      1   -9.4028143E-02
    13      2   -1.1813932E-02
    13      3   -3.5629071E-03
    13      4   -4.9171294E-03
    13      5   -2.7687118E-02
    13      6   -1.0762833E-01
    13      7   -8.9228360E-03
    13      8   -1.6770084E-03
    13      9   -1.3620249E-03
    13     10   -1.0134062E-03
    13     11   -1.6051203E-01
    13     12   -2.6789184E-02
    13     14   -1.4072185E-04
    13     15   -8.1977942E-05
    13     16   -2.6666489E-03
    13     17   -8.0258842E-03
    13     18   -7.8332728E-03
    13     19   -2.1446904E-03
    13     20   -9.9134101E-04
    13     21   -1.0442351E-03
    13     22   -2.9894173E-04
    13     23   -1.2302141E-02
    13     24   -1.3384858E-03
    13     25   -2.3533326E-04
    13     26   -8.3611925E-05
    13     27   -8.8493557E-05
    13     28   -9.9492935E-05
    14      1   -2.0787499E-03
    14      2   -2.1364741E-03
    14      3   -7.3280623E-03
    14      4   -4.7022111E-02
    14      5   -5.3229591E-02
    14      6   -6.2517181E-03
    14      7   -1.8968661E-01
    14      8   -1.8484572E-01
    14      9   -1.8725696E-01
    14     10   -1.5960582E-04
    14     11   -3.1184546E-03
    14     12   -6.6347414E-04
    14     13   -1.4072185E-04
    14     15   -2.4571216E-02
    14     16   -9.5882965E-03
    14     17   -2.2755026E-03
    14     18   -1.2563658E-03
    14     19   -1.3591401E-03
    14     20   -4.4318470E-03
    14     21   -1.3311263E-02
    14     22   -1.9777466E-03
    14     23   -1.1570249E-03
    14     24   -5.7743282E-04
    14     25   -4.3273598E-05
    14     26   -7.1553425E-05
    14     27   -6.4665437E-04
    14     28   -5.3871722E-03
    15      1   -3.8383902E-03
    15      2   -9.6963922E-03
    15      3   -7.6204391E-02
    15      4   -1.1554984E-01
    15      5   -4.0187387E-02
    15      6   -5.4652303E-03
    15      7   -4.0927139E-02
    15      8   -1.1906879E-01
    15      9   -1.6614596E-01
    15     10   -6.8400788E-04
    15     11   -1.4808802E-03
    15     12   -1.8038188E-04
    15     13   -8.1977942E-05
    15     14   -2.4571216E-02
    15     16   -4.3011939E-03
    15     17   -1.3854153E-03
    15     18   -1.4891976E-03
    15     19   -3.0632762E-03
    15     20   -1.2785192E-02
    15     21   -1.3977712E-02
    15     22   -4.2909706E-04
    15     23   -4.8933435E-04
    15     24   -1.6740428E-03
    15     25   -9.8379822E-05
    15     26   -2.7628769E-04
    15     27   -3.3375291E-03
    15     28   -4.1479514E-03
    16      1   -3.2297887E-02
    16      2   -2.1707980E-02
    16      3   -3.1544737E-02
    16      4   -8.0927578E-02
    16      5   -1.5409212E-01
    16      6   -7.7141731E-02
    16      7   -1.6969633E-01
    16      8   -9.5359439E-02
    16      9   -6.7866924E-02
    16     10   -1.7013117E-03
    16     11   -5.0380996E-02
    16     12   -7.2974607E-03
    16     13   -2.6666489E-03
    16     14   -9.5882965E-03
    16     15   -4.3011939E-03
    16     17   -5.6726243E-01
    16     18   -6.0860345E-01
    16     19   -4.0067794E-01
    16     20   -5.8051467E-01
    16     21   -6.6541921E-01
    16     22   -1.5986289E-01
    16     23   -5.4811279E-01
    16     24   -7.4139962E-02
    16     25   -4.1805664E-03
    16     26   -4.4099507E-03
    16     27   -4.3954419E-02
    16     28   -1.8977491E-01
    17      1   -6.9280224E-02
    17      2   -3.1560623E-02
    17      3   -2.6112975E-02
    17      4   -4.6567222E-02
    17      5   -1.1421616E-01
    17      6   -1.3116544E-01
    17      7   -7.0209309E-02
    17      8   -2.5908477E-02
    17      9   -2.1936103E-02
    17     10   -2.6012556E-03
    17     11   -1.1750273E-01
    17     12   -1.2829921E-02
    17     13   -8.0258842E-03
    17     14   -2.2755026E-03
    17     15   -1.3854153E-03
    17     16   -5.6726243E-01
    17     18   -5.6279399E-01
    17     19   -3.9101521E-01
    17     20   -3.3765895E-01
    17     21   -4.1783664E-01
    17     22   -1.0913632E-01
    17     23   -4.8616370E-01
    17     24   -1.3718163E-01
    17     25   -1.1513722E-02
    17     26   -5.5297288E-03
    17     27   -1.6131037E-02
    17     28   -3.5323710E-02
    18      1   -1.6719929E-01
    18      2   -9.8017031E-02
    18      3   -6.1286909E-02
    18      4   -6.0230010E-02
    18      5   -9.2145823E-02
    18      6   -1.4742200E-01
    18      7   -3.2228508E-02
    18      8   -1.4761803E-02
    18      9   -2.0465885E-02
    18     10   -1.0003574E-02
    18     11   -8.7614360E-02
    18     12   -5.9479880E-03
    18     13   -7.8332728E-03
    18     14   -1.2563658E-03
    18     15   -1.4891976E-03
    18     16   -6.0860345E-01
    18     17   -5.6279399E-01
    18     19   -5.9594771E-01
    18     20   -5.5233110E-01
    18     21   -4.1234671E-01
    18     22   -3.6496067E-02
    18     23   -5.3774466E-01
    18     24   -6.8576987E-01
    18     25   -9.8266244E-02
    18     26   -3.9065131E-02
    18     27   -3.9100937E-02
    18     28   -1.8947526E-02
    19      1   -1.1030712E-01
    19      2   -1.4030474E-01
    19      3   -1.3726584E-01
    19      4   -9.4830234E-02
    19      5   -7.0089539E-02
    19      6   -7.0521057E-02
    19      7   -2.2821684E-02
    19      8   -1.6294473E-02
    19      9   -3.4806900E-02
    19     10   -1.7033311E-02
    19     11   -2.5816974E-02
    19     12   -1.8207377E-03
    19     13   -2.1446904E-03
    19     14   -1.3591401E-03
    19     15   -3.0632762E-03
    19     16   -4.0067794E-01
    19     17   -3.9101521E-01
    19     18   -5.9594771E-01
    19     20   -5.4586790E-01
    19     21   -4.4992935E-01
    19     22   -1.6217589E-02
    19     23   -1.1765772E-01
    19     24   -6.5124585E-01
    19     25   -1.0988399E-01
    19     26   -1.1556291E-01
    19     27   -1.5027807E-01
    19     28   -3.5884136E-02
    20      1   -4.4179239E-02
    20      2   -7.6185340E-02
    20      3   -1.6093892E-01
    20      4   -1.6582353E-01
    20      5   -8.7674497E-02
    20      6   -4.2160262E-02
    20      7   -4.3300695E-02
    20      8   -4.9733544E-02
    20      9   -1.1930632E-01
    20     10   -7.2658580E-03
    20     11   -1.4413146E-02
    20     12   -1.3415947E-03
    20     13   -9.9134101E-04
    20     14   -4.4318470E-03
    20     15   -1.2785192E-02
    20     16   -5.8051467E-01
    20     17   -3.3765895E-01
    20     18   -5.5233110E-01
    20     19   -5.4586790E-01
    20     21   -6.0539355E-01
    20     22   -3.7125726E-02
    20     23   -5.9007353E-02
    20     24   -6.0911431E-01
    20     25   -3.0683234E-02
    20     26   -9.2627634E-02
    20     27   -2.0581462E-01
    20     28   -1.7537445E-01
    21      1   -2.5154542E-02
    21      2   -2.9101269E-02
    21      3   -6.5151600E-02
    21      4   -1.3887763E-01
    21      5   -1.2047427E-01
    21      6   -4.2130075E-02
    21      7   -1.1183622E-01
    21      8   -1.2549085E-01
    21      9   -1.5861383E-01
    21     10   -2.3436301E-03
    21     11   -1.8105547E-02
    21     12   -2.2320064E-03
    21     13   -1.0442351E-03
    21     14   -1.3311263E-02
    21     15   -1.3977712E-02
    21     16   -6.6541921E-01
    21     17   -4.1783664E-01
    21     18   -4.1234671E-01
    21     19   -4.4992935E-01
    21     20   -6.0539355E-01
    21     22   -1.2710527E-01
    21     23   -1.2459581E-01
    21     24   -1.4379409E-01
    21     25   -5.5039000E-03
    21     26   -1.2410103E-02
    21     27   -1.7278330E-01
    21     28   -1.9585319E-01
    22      1   -2.1617976E-03
    22      2   -1.3273071E-03
    22      3   -1.9501909E-03
    22      4   -5.7109058E-03
    22      5   -1.4213612E-02
    22      6   -6.2439539E-03
    22      7   -2.7704067E-02
    22      8   -1.4514568E-02
    22      9   -6.4234240E-03
    22     10   -1.1586008E-04
    22     11   -5.5926401E-03
    22     12   -1.1503599E-03
    22     13   -2.9894173E-04
    22     14   -1.9777466E-03
    22     15   -4.2909706E-04
    22     16   -1.5986289E-01
    22     17   -1.0913632E-01
    22     18   -3.6496067E-02
    22     19   -1.6217589E-02
    22     20   -3.7125726E-02
    22     21   -1.2710527E-01
    22     23   -9.1735608E-02
    22     24   -2.8051116E-03
    22     25   -1.9898640E-04
    22     26   -2.0367995E-04
    22     27   -1.8035684E-03
    22     28   -2.9260329E-02
    23      1   -3.3291274E-02
    23      2   -1.0914490E-02
    23      3   -7.9206701E-03
    23      4   -1.3993966E-02
    23      5   -4.9212920E-02
    23      6   -8.0307680E-02
    23      7   -3.8537022E-02
    23      8   -1.1014871E-02
    23      9   -7.4071830E-03
    23     10   -1.0359190E-03
    23     11   -1.4843353E-01
    23     12   -2.1150210E-02
    23     13   -1.2302141E-02
    23     14   -1.1570249E-03
    23     15   -4.8933435E-04
    23     16   -5.4811279E-01
    23     17   -4.8616370E-01
    23     18   -5.3774466E-01
    23     19   -1.1765772E-01
    23     20   -5.9007353E-02
    23     21   -1.2459581E-01
    23     22   -9.1735608E-02
    23     24   -2.7400034E-02
    23     25   -3.1446030E-03
    23     26   -1.2388747E-03
    23     27   -2.6667377E-03
    23     28   -7.2071021E-03
    24      1   -9.1336346E-02
    24      2   -1.6937251E-01
    24      3   -1.2358260E-01
    24      4   -4.4644310E-02
    24      5   -2.5226973E-02
    24      6   -3.2530225E-02
    24      7   -7.7996974E-03
    24      8   -6.0269606E-03
    24      9   -1.5199472E-02
    24     10   -3.8532006E-02
    24     11   -1.2485040E-02
    24     12   -8.1087120E-04
    24     13   -1.3384858E-03
    24     14   -5.7743282E-04
    24     15   -1.6740428E-03
    24     16   -7.4139962E-02
    24     17   -1.3718163E-01
    24     18   -6.8576987E-01
    24     19   -6.5124585E-01
    24     20   -6.0911431E-01
    24     21   -1.4379409E-01
    24     22   -2.8051116E-03
    24     23   -2.7400034E-02
    24     25   -1.6516761E-01
    24     26   -1.7154336E-01
    24     27   -1.2509486E-01
    24     28   -7.3281643E-03
    25      1   -1.2497009E-02
    25      2   -1.7493943E-02
    25      3   -7.6254296E-03
    25      4   -2.6889042E-03
    25      5   -1.9661319E-03
    25      6   -3.5977541E-03
    25      7   -6.1915289E-04
    25      8   -4.1603481E-04
    25      9   -8.9174471E-04
    25     10   -5.3714374E-03
    25     11   -1.7173305E-03
    25     12   -1.0506301E-04
    25     13   -2.3533326E-04
    25     14   -4.3273598E-05
    25     15   -9.8379822E-05
    25     16   -4.1805664E-03
    25     17   -1.1513722E-02
    25     18   -9.8266244E-02
    25     19   -1.0988399E-01
    25     20   -3.0683234E-02
    25     21   -5.5039000E-03
    25     22   -1.9898640E-04
    25     23   -3.1446030E-03
    25     24   -1.6516761E-01
    25     26   -2.9078022E-02
    25     27   -3.4590260E-03
    25     28   -3.2812541E-04
    26      1   -5.4990662E-03
    26      2   -1.5463018E-02
    26      3   -1.5955783E-02
    26      4   -4.7039061E-03
    26      5   -1.9756842E-03
    26      6   -2.0056678E-03
    26      7   -7.0025576E-04
    26      8   -6.6912996E-04
    26      9   -1.9667509E-03
    26     10   -4.2330275E-03
    26     11   -7.7335000E-04
    26     12   -5.7264723E-05
    26     13   -8.3611925E-05
    26     14   -7.1553425E-05
    26     15   -2.7628769E-04
    26     16   -4.4099507E-03
    26     17   -5.5297288E-03
    26     18   -3.9065131E-02
    26     19   -1.1556291E-01
    26     20   -9.2627634E-02
    26     21   -1.2410103E-02
    26     22   -2.0367995E-04
    26     23   -1.2388747E-03
    26     24   -1.7154336E-01
    26     25   -2.9078022E-02
    26     27   -2.7087551E-02
    26     28   -8.4524967E-04
    27      1   -4.0087261E-03
    27      2   -9.5752653E-03
    27      3   -2.8247584E-02
    27      4   -2.1808127E-02
    27      5   -7.1280639E-03
    27      6   -3.1614918E-03
    27      7   -3.8145543E-03
    27      8   -5.9331474E-03
    27      9   -1.9930691E-02
    27     10   -1.1697128E-03
    27     11   -1.1364932E-03
    27     12   -1.1206496E-04
    27     13   -8.8493557E-05
    27     14   -6.4665437E-04
    27     15   -3.3375291E-03
    27     16   -4.3954419E-02
    27     17   -1.6131037E-02
    27     18   -3.9100937E-02
    27     19   -1.5027807E-01
    27     20   -2.0581462E-01
    27     21   -1.7278330E-01
    27     22   -1.8035684E-03
    27     23   -2.6667377E-03
    27     24   -1.2509486E-01
    27     25   -3.4590260E-03
    27     26   -2.7087551E-02
    27     28   -3.5113316E-02
    28      1   -1.9189077E-03
    28      2   -2.3530881E-03
    28      3   -6.4461784E-03
    28      4   -1.6517058E-02
    28      5   -1.2236012E-02
    28      6   -3.2958427E-03
    28      7   -1.7958697E-02
    28      8   -3.3279700E-02
    28      9   -3.5830458E-02
    28     10   -2.1844460E-04
    28     11   -1.6205390E-03
    28     12   -2.3873650E-04
    28     13   -9.9492935E-05
    28     14   -5.3871722E-03
    28     15   -4.1479514E-03
    28     16   -1.8977491E-01
    28     17   -3.5323710E-02
    28     18   -1.8947526E-02
    28     19   -3.5884136E-02
    28     20   -1.7537445E-01
    28     21   -1.9585319E-01
    28     22   -2.9260329E-02
    28     23   -7.2071021E-03
    28     24   -7.3281643E-03
    28     25   -3.2812541E-04
    28     26   -8.4524967E-04
    28     27   -3.5113316E-02
