 {
  "pairs2": [
 [
   0.0000000000000000      ,
  -9.9794032960417718E-004 ,
  -9.8312441146188468E-004 ,
  -6.6999609280313298E-004 ,
  -8.3461459453863969E-004 ,
  -9.6618188506503860E-004 ,
  -1.8611692581645711E-004 ,
  -5.9568389725809468E-005 ,
  -1.1649137666923433E-004 ,
  -2.9619496954860829E-004 ,
  -1.0866457361576995E-003 ,
  -5.7534828652397339E-005 ,
  -1.4984338340410028E-004 ,
  -3.3126988211148491E-006 ,
  -6.1168641424778845E-006 ,
  -5.1469959088728708E-005 ,
  -1.1040506421368494E-004 ,
  -2.6644902483243286E-004 ,
  -1.7578558563976634E-004 ,
  -7.0404099550325840E-005 ,
  -4.0086314880976466E-005 ,
  -3.4450437051286419E-006 ,
  -5.3053022226618497E-005 ,
  -1.4555373276175379E-004 ,
  -1.9915250749286845E-005 ,
  -8.7633198474831232E-006 ,
  -6.3883116682407631E-006 ,
  -3.0579740748246717E-006
 ],
 [
  -9.9794032960417718E-004 ,
   0.0000000000000000      ,
  -1.0105386385351684E-003 ,
  -7.1369392437289165E-004 ,
  -5.8320968014141715E-004 ,
  -6.8342401612909824E-004 ,
  -1.0514181098913875E-004 ,
  -6.1883176454723693E-005 ,
  -2.2318466937861452E-004 ,
  -2.7867839080681619E-004 ,
  -2.3290453048298567E-004 ,
  -9.2152761649142696E-006 ,
  -1.8826699749492842E-005 ,
  -3.4046881406890274E-006 ,
  -1.5452184516568898E-005 ,
  -3.4593868139555427E-005 ,
  -5.0295054620445379E-005 ,
  -1.5620008090696909E-004 ,
  -2.2358983655433508E-004 ,
  -1.2140906684275480E-004 ,
  -4.6375823635033571E-005 ,
  -2.1151984646677165E-006 ,
  -1.7393347507571446E-005 ,
  -2.6991227388182149E-004 ,
  -2.7878372534078469E-005 ,
  -2.4641887733676405E-005 ,
  -1.5259156626286770E-005 ,
  -3.7498845149426569E-006
 ],
 [
  -9.8312441146188468E-004 ,
  -1.0105386385351684E-003 ,
   0.0000000000000000      ,
  -9.7825131819272333E-004 ,
  -8.0342671905736550E-004 ,
  -5.6685963716089909E-004 ,
  -2.2409094527304685E-004 ,
  -2.3272585911488479E-004 ,
  -9.6066284147383195E-004 ,
  -2.9757899888071355E-004 ,
  -9.5848062688383531E-005 ,
  -5.5528539170204375E-006 ,
  -5.6778539272168359E-006 ,
  -1.1678010633162893E-005 ,
  -1.2143942735542127E-004 ,
  -5.0269739015323088E-005 ,
  -4.1613673810410770E-005 ,
  -9.7666906179184028E-005 ,
  -2.1874704597476852E-004 ,
  -2.5647250175611728E-004 ,
  -1.0382568299751914E-004 ,
  -3.1078270009262807E-006 ,
  -1.2622391187836370E-005 ,
  -1.9694140764682914E-004 ,
  -1.2151895547866703E-005 ,
  -2.5427159223897314E-005 ,
  -4.5015391129235630E-005 ,
  -1.0272639127694625E-005
 ],
 [
  -6.6999609280313298E-004 ,
  -7.1369392437289165E-004 ,
  -9.7825131819272333E-004 ,
   0.0000000000000000      ,
  -7.8037317020398101E-004 ,
  -6.4784135799393584E-004 ,
  -8.3667608995269466E-004 ,
  -7.1676900853986491E-004 ,
  -9.6874273811356276E-004 ,
  -7.5083927410332096E-005 ,
  -1.9569802891981292E-004 ,
  -1.5488221002146279E-005 ,
  -7.8359444604126098E-006 ,
  -7.4934503827376288E-005 ,
  -1.8414039002280334E-004 ,
  -1.2896630407785274E-004 ,
  -7.4209592175549028E-005 ,
  -9.5982630471572875E-005 ,
  -1.5112159782077869E-004 ,
  -2.6425661955943911E-004 ,
  -2.2131558578373904E-004 ,
  -9.1009076539221361E-006 ,
  -2.2300804533656530E-005 ,
  -7.1145236793723163E-005 ,
  -4.2850416309388599E-006 ,
  -7.4961515973969459E-006 ,
  -3.4753463043618643E-005 ,
  -2.6321606615481745E-005
 ],
 [
  -8.3461459453863969E-004 ,
  -5.8320968014141715E-004 ,
  -8.0342671905736550E-004 ,
  -7.8037317020398101E-004 ,
   0.0000000000000000      ,
  -7.8014135422695065E-004 ,
  -9.9781588775649114E-004 ,
  -7.5505254789881180E-004 ,
  -8.9597186218032395E-004 ,
  -3.1996158690091243E-005 ,
  -8.6139567830392826E-004 ,
  -1.2231058838330086E-004 ,
  -4.4122230337331425E-005 ,
  -8.4826752173389400E-005 ,
  -6.4042677224283889E-005 ,
  -2.4556142815467642E-004 ,
  -1.8201503987878926E-004 ,
  -1.4684371640261661E-004 ,
  -1.1169478957448749E-004 ,
  -1.3971820523246093E-004 ,
  -1.9198797669722940E-004 ,
  -2.2650833306569478E-005 ,
  -7.8425779759129589E-005 ,
  -4.0201740419630613E-005 ,
  -3.1332306523691392E-006 ,
  -3.1484531773638776E-006 ,
  -1.1359292901950926E-005 ,
  -1.9499326234205693E-005
 ],
 [
  -9.6618188506503860E-004 ,
  -6.8342401612909824E-004 ,
  -5.6685963716089909E-004 ,
  -6.4784135799393584E-004 ,
  -7.8014135422695065E-004 ,
   0.0000000000000000      ,
  -7.2355398159645922E-004 ,
  -2.0929100557184275E-004 ,
  -2.2572374515106099E-004 ,
  -6.6617175638072353E-005 ,
  -1.0323902635689375E-003 ,
  -1.7391699769238737E-004 ,
  -1.7151665818531284E-004 ,
  -9.9627470050413323E-006 ,
  -8.7093988154352636E-006 ,
  -1.2293317313560046E-004 ,
  -2.0902543148013851E-004 ,
  -2.3493191015040046E-004 ,
  -1.1238245793775817E-004 ,
  -6.7186653647927766E-005 ,
  -6.7138548261646864E-005 ,
  -9.9503738949218404E-006 ,
  -1.2797843355245633E-004 ,
  -5.1840212538593562E-005 ,
  -5.7333861434583637E-006 ,
  -3.1962350499197981E-006 ,
  -5.0381579251645616E-006 ,
  -5.2522596627109699E-006
 ],
 [
  -1.8611692581645711E-004 ,
  -1.0514181098913875E-004 ,
  -2.2409094527304685E-004 ,
  -8.3667608995269466E-004 ,
  -9.9781588775649114E-004 ,
  -7.2355398159645922E-004 ,
   0.0000000000000000      ,
  -1.0082460106199144E-003 ,
  -1.0637088838768634E-003 ,
  -4.9585471092715212E-006 ,
  -5.1443129111722471E-004 ,
  -1.1255037174406102E-004 ,
  -1.4219444315952949E-005 ,
  -3.0228484945285771E-004 ,
  -6.5221547348435582E-005 ,
  -2.7042831180700770E-004 ,
  -1.1188565584796694E-004 ,
  -5.1359396836417575E-005 ,
  -3.6368668608370568E-005 ,
  -6.9004050215129708E-005 ,
  -1.7822236242372630E-004 ,
  -4.4149241062169609E-005 ,
  -6.1412653314360389E-005 ,
  -1.2429608917403457E-005 ,
  -9.8668293150825877E-007 ,
  -1.1159285917530039E-006 ,
  -6.0788792831236667E-006 ,
  -2.8619006059491435E-005
 ],
 [
  -5.9568389725809468E-005 ,
  -6.1883176454723693E-005 ,
  -2.3272585911488479E-004 ,
  -7.1676900853986491E-004 ,
  -7.5505254789881180E-004 ,
  -2.0929100557184275E-004 ,
  -1.0082460106199144E-003 ,
   0.0000000000000000      ,
  -1.0063045202942421E-003 ,
  -3.3314353806066187E-006 ,
  -7.5929801592120058E-005 ,
  -1.3786573288445075E-005 ,
  -2.6724830756715696E-006 ,
  -2.9457040356699495E-004 ,
  -1.8974820086761968E-004 ,
  -1.5196493946103911E-004 ,
  -4.1287786697112103E-005 ,
  -2.3524429930649371E-005 ,
  -2.5966896309818946E-005 ,
  -7.9255446767181707E-005 ,
  -1.9998239950075732E-004 ,
  -2.3130436705200448E-005 ,
  -1.7553313738035324E-005 ,
  -9.6045730382646090E-006 ,
  -6.6299367269037978E-007 ,
  -1.0663264625911770E-006 ,
  -9.4550722470501513E-006 ,
  -5.3034578079337363E-005
 ],
 [
  -1.1649137666923433E-004 ,
  -2.2318466937861452E-004 ,
  -9.6066284147383195E-004 ,
  -9.6874273811356276E-004 ,
  -8.9597186218032395E-004 ,
  -2.2572374515106099E-004 ,
  -1.0637088838768634E-003 ,
  -1.0063045202942421E-003 ,
   0.0000000000000000      ,
  -1.1516252210663420E-005 ,
  -5.0881470197334650E-005 ,
  -6.0310957382904444E-006 ,
  -2.1705247905052934E-006 ,
  -2.9841295839144006E-004 ,
  -2.6477043275198328E-004 ,
  -1.0815282825854805E-004 ,
  -3.4957405237463558E-005 ,
  -3.2614464472575483E-005 ,
  -5.5468325678849223E-005 ,
  -1.9012671524624164E-004 ,
  -2.5276722960217737E-004 ,
  -1.0236377760163413E-005 ,
  -1.1804097405920165E-005 ,
  -2.4221899919060153E-005 ,
  -1.4210856517067509E-006 ,
  -3.1342169997304744E-006 ,
  -3.1761577798141936E-005 ,
  -5.7099469771826281E-005
 ],
 [
  -2.9619496954860829E-004 ,
  -2.7867839080681619E-004 ,
  -2.9757899888071355E-004 ,
  -7.5083927410332096E-005 ,
  -3.1996158690091243E-005 ,
  -6.6617175638072353E-005 ,
  -4.9585471092715212E-006 ,
  -3.3314353806066187E-006 ,
  -1.1516252210663420E-005 ,
   0.0000000000000000      ,
  -1.4190046290999803E-005 ,
  -6.1242874506141056E-007 ,
  -1.6149656341652687E-006 ,
  -2.5434806521867899E-007 ,
  -1.0900359402372182E-006 ,
  -2.7112127651471707E-006 ,
  -4.1453646955997591E-006 ,
  -1.5941710519872920E-005 ,
  -2.7144308753149437E-005 ,
  -1.1578881785047644E-005 ,
  -3.7348122970441434E-006 ,
  -1.8463478516382980E-007 ,
  -1.6508420150277628E-006 ,
  -6.1404659395375620E-005 ,
  -8.5599303785100518E-006 ,
  -6.7457586324557517E-006 ,
  -1.8640560648043219E-006 ,
  -3.4811362667336952E-007
 ],
 [
  -1.0866457361576995E-003 ,
  -2.3290453048298567E-004 ,
  -9.5848062688383531E-005 ,
  -1.9569802891981292E-004 ,
  -8.6139567830392826E-004 ,
  -1.0323902635689375E-003 ,
  -5.1443129111722471E-004 ,
  -7.5929801592120058E-005 ,
  -5.0881470197334650E-005 ,
  -1.4190046290999803E-005 ,
   0.0000000000000000      ,
  -2.5650943167785962E-004 ,
  -2.5579220373572308E-004 ,
  -4.9695736624761505E-006 ,
  -2.3599327802247013E-006 ,
  -8.0287228025264116E-005 ,
  -1.8725251323321868E-004 ,
  -1.3962237081157464E-004 ,
  -4.1141966824971819E-005 ,
  -2.2968810368337292E-005 ,
  -2.8853025901560803E-005 ,
  -8.9124392819472692E-006 ,
  -2.3654388275880898E-004 ,
  -1.9896176944266172E-005 ,
  -2.7367403804505029E-006 ,
  -1.2324116651809170E-006 ,
  -1.8111171731665797E-006 ,
  -2.5824933562152746E-006
 ],
 [
  -5.7534828652397339E-005 ,
  -9.2152761649142696E-006 ,
  -5.5528539170204375E-006 ,
  -1.5488221002146279E-005 ,
  -1.2231058838330086E-004 ,
  -1.7391699769238737E-004 ,
  -1.1255037174406102E-004 ,
  -1.3786573288445075E-005 ,
  -6.0310957382904444E-006 ,
  -6.1242874506141056E-007 ,
  -2.5650943167785962E-004 ,
   0.0000000000000000      ,
  -4.2691282887872146E-005 ,
  -1.0573133451525238E-006 ,
  -2.8745682196268107E-007 ,
  -1.1629243941004959E-005 ,
  -2.0445780720057103E-005 ,
  -9.4787222786124905E-006 ,
  -2.9015302503684444E-006 ,
  -2.1379672880107222E-006 ,
  -3.5569285426568357E-006 ,
  -1.8332151373501889E-006 ,
  -3.3705004626057617E-005 ,
  -1.2922055113666938E-006 ,
  -1.6742855918051450E-007 ,
  -9.1257144937291058E-008 ,
  -1.7858688797828883E-007 ,
  -3.8045082294881540E-007
 ],
 [
  -1.4984338340410028E-004 ,
  -1.8826699749492842E-005 ,
  -5.6778539272168359E-006 ,
  -7.8359444604126098E-006 ,
  -4.4122230337331425E-005 ,
  -1.7151665818531284E-004 ,
  -1.4219444315952949E-005 ,
  -2.6724830756715696E-006 ,
  -2.1705247905052934E-006 ,
  -1.6149656341652687E-006 ,
  -2.5579220373572308E-004 ,
  -4.2691282887872146E-005 ,
   0.0000000000000000      ,
  -2.2425453832787490E-007 ,
  -1.3064016590704274E-007 ,
  -4.2495754414026110E-006 ,
  -1.2790060573769421E-005 ,
  -1.2483114736657064E-005 ,
  -3.4177816823181739E-006 ,
  -1.5798024542937482E-006 ,
  -1.6640945690330529E-006 ,
  -4.7639397140650720E-007 ,
  -1.9604710339660659E-005 ,
  -2.1330128520843062E-006 ,
  -3.7502742762868466E-007 ,
  -1.3324408386719001E-007 ,
  -1.4102345969116454E-007 ,
  -1.5855208387970461E-007
 ],
 [
  -3.3126988211148491E-006 ,
  -3.4046881406890274E-006 ,
  -1.1678010633162893E-005 ,
  -7.4934503827376288E-005 ,
  -8.4826752173389400E-005 ,
  -9.9627470050413323E-006 ,
  -3.0228484945285771E-004 ,
  -2.9457040356699495E-004 ,
  -2.9841295839144006E-004 ,
  -2.5434806521867899E-007 ,
  -4.9695736624761505E-006 ,
  -1.0573133451525238E-006 ,
  -2.2425453832787490E-007 ,
   0.0000000000000000      ,
  -3.9156725704384385E-005 ,
  -1.5279923161488507E-005 ,
  -3.6262441928423987E-006 ,
  -2.0021463504000842E-006 ,
  -2.1659276769694465E-006 ,
  -7.0625976877175823E-006 ,
  -2.1212847596619952E-005 ,
  -3.1517397487438068E-006 ,
  -1.8438365799032614E-006 ,
  -9.2019777407283252E-007 ,
  -6.8960868171380549E-008 ,
  -1.1402764087506293E-007 ,
  -1.0305093347288421E-006 ,
  -8.5850053980200267E-006
 ],
 [
  -6.1168641424778845E-006 ,
  -1.5452184516568898E-005 ,
  -1.2143942735542127E-004 ,
  -1.8414039002280334E-004 ,
  -6.4042677224283889E-005 ,
  -8.7093988154352636E-006 ,
  -6.5221547348435582E-005 ,
  -1.8974820086761968E-004 ,
  -2.6477043275198328E-004 ,
  -1.0900359402372182E-006 ,
  -2.3599327802247013E-006 ,
  -2.8745682196268107E-007 ,
  -1.3064016590704274E-007 ,
  -3.9156725704384385E-005 ,
   0.0000000000000000      ,
  -6.8543888280291927E-006 ,
  -2.2077997754267598E-006 ,
  -2.3731873591773056E-006 ,
  -4.8816414165844530E-006 ,
  -2.0374500315913907E-005 ,
  -2.2274902396311030E-005 ,
  -6.8380968956917852E-007 ,
  -7.7980391995867386E-007 ,
  -2.6677569804117054E-006 ,
  -1.5677822646589353E-007 ,
  -4.4029245345205125E-007 ,
  -5.3186911658032511E-006 ,
  -6.6101812745539336E-006
 ],
 [
  -5.1469959088728708E-005 ,
  -3.4593868139555427E-005 ,
  -5.0269739015323088E-005 ,
  -1.2896630407785274E-004 ,
  -2.4556142815467642E-004 ,
  -1.2293317313560046E-004 ,
  -2.7042831180700770E-004 ,
  -1.5196493946103911E-004 ,
  -1.0815282825854805E-004 ,
  -2.7112127651471707E-006 ,
  -8.0287228025264116E-005 ,
  -1.1629243941004959E-005 ,
  -4.2495754414026110E-006 ,
  -1.5279923161488507E-005 ,
  -6.8543888280291927E-006 ,
   0.0000000000000000      ,
  -9.0399022335636164E-004 ,
  -9.6987133177991276E-004 ,
  -6.3852094100816663E-004 ,
  -9.2510901778570642E-004 ,
  -1.0604130163744516E-003 ,
  -2.5475773247498571E-004 ,
  -8.7347333056450106E-004 ,
  -1.1814955020454235E-004 ,
  -6.6621566401469989E-006 ,
  -7.0277037717482849E-006 ,
  -7.0045824759015665E-005 ,
  -3.0242556871794908E-004
 ],
 [
  -1.1040506421368494E-004 ,
  -5.0295054620445379E-005 ,
  -4.1613673810410770E-005 ,
  -7.4209592175549028E-005 ,
  -1.8201503987878926E-004 ,
  -2.0902543148013851E-004 ,
  -1.1188565584796694E-004 ,
  -4.1287786697112103E-005 ,
  -3.4957405237463558E-005 ,
  -4.1453646955997591E-006 ,
  -1.8725251323321868E-004 ,
  -2.0445780720057103E-005 ,
  -1.2790060573769421E-005 ,
  -3.6262441928423987E-006 ,
  -2.2077997754267598E-006 ,
  -9.0399022335636164E-004 ,
   0.0000000000000000      ,
  -8.9686931339418930E-004 ,
  -6.2312240838936555E-004 ,
  -5.3809379239879221E-004 ,
  -6.6586506905345379E-004 ,
  -1.7391979341495375E-004 ,
  -7.7475117286931441E-004 ,
  -2.1861284944532005E-004 ,
  -1.8348283157161165E-005 ,
  -8.8121837136731580E-006 ,
  -2.5706443592367765E-005 ,
  -5.6291914560068539E-005
 ],
 [
  -2.6644902483243286E-004 ,
  -1.5620008090696909E-004 ,
  -9.7666906179184028E-005 ,
  -9.5982630471572875E-005 ,
  -1.4684371640261661E-004 ,
  -2.3493191015040046E-004 ,
  -5.1359396836417575E-005 ,
  -2.3524429930649371E-005 ,
  -3.2614464472575483E-005 ,
  -1.5941710519872920E-005 ,
  -1.3962237081157464E-004 ,
  -9.4787222786124905E-006 ,
  -1.2483114736657064E-005 ,
  -2.0021463504000842E-006 ,
  -2.3731873591773056E-006 ,
  -9.6987133177991276E-004 ,
  -8.9686931339418930E-004 ,
   0.0000000000000000      ,
  -9.4970313504044788E-004 ,
  -8.8019563988721121E-004 ,
  -6.5711630454800185E-004 ,
  -5.8160184761265944E-005 ,
  -8.5695067113140911E-004 ,
  -1.0928438538459634E-003 ,
  -1.5659722716171608E-004 ,
  -6.2254249388455800E-005 ,
  -6.2311309635732764E-005 ,
  -3.0194804342490053E-005
 ],
 [
  -1.7578558563976634E-004 ,
  -2.2358983655433508E-004 ,
  -2.1874704597476852E-004 ,
  -1.5112159782077869E-004 ,
  -1.1169478957448749E-004 ,
  -1.1238245793775817E-004 ,
  -3.6368668608370568E-005 ,
  -2.5966896309818946E-005 ,
  -5.5468325678849223E-005 ,
  -2.7144308753149437E-005 ,
  -4.1141966824971819E-005 ,
  -2.9015302503684444E-006 ,
  -3.4177816823181739E-006 ,
  -2.1659276769694465E-006 ,
  -4.8816414165844530E-006 ,
  -6.3852094100816663E-004 ,
  -6.2312240838936555E-004 ,
  -9.4970313504044788E-004 ,
   0.0000000000000000      ,
  -8.6989587381738692E-004 ,
  -7.1700805562670907E-004 ,
  -2.5844372549746181E-005 ,
  -1.8749950562183318E-004 ,
  -1.0378263201397781E-003 ,
  -1.7511127890865180E-004 ,
  -1.8416121468910288E-004 ,
  -2.3948334676680749E-004 ,
  -5.7185010635270438E-005
 ],
 [
  -7.0404099550325840E-005 ,
  -1.2140906684275480E-004 ,
  -2.5647250175611728E-004 ,
  -2.6425661955943911E-004 ,
  -1.3971820523246093E-004 ,
  -6.7186653647927766E-005 ,
  -6.9004050215129708E-005 ,
  -7.9255446767181707E-005 ,
  -1.9012671524624164E-004 ,
  -1.1578881785047644E-005 ,
  -2.2968810368337292E-005 ,
  -2.1379672880107222E-006 ,
  -1.5798024542937482E-006 ,
  -7.0625976877175823E-006 ,
  -2.0374500315913907E-005 ,
  -9.2510901778570642E-004 ,
  -5.3809379239879221E-004 ,
  -8.8019563988721121E-004 ,
  -8.6989587381738692E-004 ,
   0.0000000000000000      ,
  -9.6475603046192269E-004 ,
  -5.9163610229997795E-005 ,
  -9.4034202242509159E-005 ,
  -9.7068543723958026E-004 ,
  -4.8896845041135212E-005 ,
  -1.4761153078857192E-004 ,
  -3.2798647135850431E-004 ,
  -2.7947698073673712E-004
 ],
 [
  -4.0086314880976466E-005 ,
  -4.6375823635033571E-005 ,
  -1.0382568299751914E-004 ,
  -2.2131558578373904E-004 ,
  -1.9198797669722940E-004 ,
  -6.7138548261646864E-005 ,
  -1.7822236242372630E-004 ,
  -1.9998239950075732E-004 ,
  -2.5276722960217737E-004 ,
  -3.7348122970441434E-006 ,
  -2.8853025901560803E-005 ,
  -3.5569285426568357E-006 ,
  -1.6640945690330529E-006 ,
  -2.1212847596619952E-005 ,
  -2.2274902396311030E-005 ,
  -1.0604130163744516E-003 ,
  -6.6586506905345379E-004 ,
  -6.5711630454800185E-004 ,
  -7.1700805562670907E-004 ,
  -9.6475603046192269E-004 ,
   0.0000000000000000      ,
  -2.0255513472908619E-004 ,
  -1.9855606405473275E-004 ,
  -2.2915047568023623E-004 ,
  -8.7710229431069797E-006 ,
  -1.9776757470975285E-005 ,
  -2.7534771854350888E-004 ,
  -3.1211192380228457E-004
 ],
 [
  -3.4450437051286419E-006 ,
  -2.1151984646677165E-006 ,
  -3.1078270009262807E-006 ,
  -9.1009076539221361E-006 ,
  -2.2650833306569478E-005 ,
  -9.9503738949218404E-006 ,
  -4.4149241062169609E-005 ,
  -2.3130436705200448E-005 ,
  -1.0236377760163413E-005 ,
  -1.8463478516382980E-007 ,
  -8.9124392819472692E-006 ,
  -1.8332151373501889E-006 ,
  -4.7639397140650720E-007 ,
  -3.1517397487438068E-006 ,
  -6.8380968956917852E-007 ,
  -2.5475773247498571E-004 ,
  -1.7391979341495375E-004 ,
  -5.8160184761265944E-005 ,
  -2.5844372549746181E-005 ,
  -5.9163610229997795E-005 ,
  -2.0255513472908619E-004 ,
   0.0000000000000000      ,
  -1.4618999748354400E-004 ,
  -4.4702298503355009E-006 ,
  -3.1710500556941033E-007 ,
  -3.2458465502135339E-007 ,
  -2.8741692492936982E-006 ,
  -4.6629303101556898E-005
 ],
 [
  -5.3053022226618497E-005 ,
  -1.7393347507571446E-005 ,
  -1.2622391187836370E-005 ,
  -2.2300804533656530E-005 ,
  -7.8425779759129589E-005 ,
  -1.2797843355245633E-004 ,
  -6.1412653314360389E-005 ,
  -1.7553313738035324E-005 ,
  -1.1804097405920165E-005 ,
  -1.6508420150277628E-006 ,
  -2.3654388275880898E-004 ,
  -3.3705004626057617E-005 ,
  -1.9604710339660659E-005 ,
  -1.8438365799032614E-006 ,
  -7.7980391995867386E-007 ,
  -8.7347333056450106E-004 ,
  -7.7475117286931441E-004 ,
  -8.5695067113140911E-004 ,
  -1.8749950562183318E-004 ,
  -9.4034202242509159E-005 ,
  -1.9855606405473275E-004 ,
  -1.4618999748354400E-004 ,
   0.0000000000000000      ,
  -4.3664732946515100E-005 ,
  -5.0112438637438211E-006 ,
  -1.9742725025157553E-006 ,
  -4.2497170759483469E-006 ,
  -1.1485248336374687E-005
 ],
 [
  -1.4555373276175379E-004 ,
  -2.6991227388182149E-004 ,
  -1.9694140764682914E-004 ,
  -7.1145236793723163E-005 ,
  -4.0201740419630613E-005 ,
  -5.1840212538593562E-005 ,
  -1.2429608917403457E-005 ,
  -9.6045730382646090E-006 ,
  -2.4221899919060153E-005 ,
  -6.1404659395375620E-005 ,
  -1.9896176944266172E-005 ,
  -1.2922055113666938E-006 ,
  -2.1330128520843062E-006 ,
  -9.2019777407283252E-007 ,
  -2.6677569804117054E-006 ,
  -1.1814955020454235E-004 ,
  -2.1861284944532005E-004 ,
  -1.0928438538459634E-003 ,
  -1.0378263201397781E-003 ,
  -9.7068543723958026E-004 ,
  -2.2915047568023623E-004 ,
  -4.4702298503355009E-006 ,
  -4.3664732946515100E-005 ,
   0.0000000000000000      ,
  -2.6321134558337242E-004 ,
  -2.7337173820970014E-004 ,
  -1.9935134928410699E-004 ,
  -1.1678173218500770E-005
 ],
 [
  -1.9915250749286845E-005 ,
  -2.7878372534078469E-005 ,
  -1.2151895547866703E-005 ,
  -4.2850416309388599E-006 ,
  -3.1332306523691392E-006 ,
  -5.7333861434583637E-006 ,
  -9.8668293150825877E-007 ,
  -6.6299367269037978E-007 ,
  -1.4210856517067509E-006 ,
  -8.5599303785100518E-006 ,
  -2.7367403804505029E-006 ,
  -1.6742855918051450E-007 ,
  -3.7502742762868466E-007 ,
  -6.8960868171380549E-008 ,
  -1.5677822646589353E-007 ,
  -6.6621566401469989E-006 ,
  -1.8348283157161165E-005 ,
  -1.5659722716171608E-004 ,
  -1.7511127890865180E-004 ,
  -4.8896845041135212E-005 ,
  -8.7710229431069797E-006 ,
  -3.1710500556941033E-007 ,
  -5.0112438637438211E-006 ,
  -2.6321134558337242E-004 ,
   0.0000000000000000      ,
  -4.6338778249246029E-005 ,
  -5.5123088575297911E-006 ,
  -5.2290112422096914E-007
 ],
 [
  -8.7633198474831232E-006 ,
  -2.4641887733676405E-005 ,
  -2.5427159223897314E-005 ,
  -7.4961515973969459E-006 ,
  -3.1484531773638776E-006 ,
  -3.1962350499197981E-006 ,
  -1.1159285917530039E-006 ,
  -1.0663264625911770E-006 ,
  -3.1342169997304744E-006 ,
  -6.7457586324557517E-006 ,
  -1.2324116651809170E-006 ,
  -9.1257144937291058E-008 ,
  -1.3324408386719001E-007 ,
  -1.1402764087506293E-007 ,
  -4.4029245345205125E-007 ,
  -7.0277037717482849E-006 ,
  -8.8121837136731580E-006 ,
  -6.2254249388455800E-005 ,
  -1.8416121468910288E-004 ,
  -1.4761153078857192E-004 ,
  -1.9776757470975285E-005 ,
  -3.2458465502135339E-007 ,
  -1.9742725025157553E-006 ,
  -2.7337173820970014E-004 ,
  -4.6338778249246029E-005 ,
   0.0000000000000000      ,
  -4.3166760020152715E-005 ,
  -1.3469910893521730E-006
 ],
 [
  -6.3883116682407631E-006 ,
  -1.5259156626286770E-005 ,
  -4.5015391129235630E-005 ,
  -3.4753463043618643E-005 ,
  -1.1359292901950926E-005 ,
  -5.0381579251645616E-006 ,
  -6.0788792831236667E-006 ,
  -9.4550722470501513E-006 ,
  -3.1761577798141936E-005 ,
  -1.8640560648043219E-006 ,
  -1.8111171731665797E-006 ,
  -1.7858688797828883E-007 ,
  -1.4102345969116454E-007 ,
  -1.0305093347288421E-006 ,
  -5.3186911658032511E-006 ,
  -7.0045824759015665E-005 ,
  -2.5706443592367765E-005 ,
  -6.2311309635732764E-005 ,
  -2.3948334676680749E-004 ,
  -3.2798647135850431E-004 ,
  -2.7534771854350888E-004 ,
  -2.8741692492936982E-006 ,
  -4.2497170759483469E-006 ,
  -1.9935134928410699E-004 ,
  -5.5123088575297911E-006 ,
  -4.3166760020152715E-005 ,
   0.0000000000000000      ,
  -5.5956630874582498E-005
 ],
 [
  -3.0579740748246717E-006 ,
  -3.7498845149426569E-006 ,
  -1.0272639127694625E-005 ,
  -2.6321606615481745E-005 ,
  -1.9499326234205693E-005 ,
  -5.2522596627109699E-006 ,
  -2.8619006059491435E-005 ,
  -5.3034578079337363E-005 ,
  -5.7099469771826281E-005 ,
  -3.4811362667336952E-007 ,
  -2.5824933562152746E-006 ,
  -3.8045082294881540E-007 ,
  -1.5855208387970461E-007 ,
  -8.5850053980200267E-006 ,
  -6.6101812745539336E-006 ,
  -3.0242556871794908E-004 ,
  -5.6291914560068539E-005 ,
  -3.0194804342490053E-005 ,
  -5.7185010635270438E-005 ,
  -2.7947698073673712E-004 ,
  -3.1211192380228457E-004 ,
  -4.6629303101556898E-005 ,
  -1.1485248336374687E-005 ,
  -1.1678173218500770E-005 ,
  -5.2290112422096914E-007 ,
  -1.3469910893521730E-006 ,
  -5.5956630874582498E-005 ,
   0.0000000000000000     
 ]
 ]
 }
